title,url,platform,company,source_type,collected_at,text
한글 입력기,https://search.naver.com/search.naver?where=web&query=site%3Atistory.com%20%EB%A7%A5%EC%8A%A4AI#,tistory,maxai,blog,2026-01-18T15:32:33.203121,
"테크삼
jhbd443.tistory.com",https://jhbd443.tistory.com/130,tistory,maxai,blog,2026-01-18T15:32:33.203121,"본 포스팅은 파트너스 활동으로 인한 수익금을 지급 받습니다.
새로운 언어 학습의 시작, 듀오링고 맥스!
여러분, 언어 학습이 지루하고 어렵게 느껴지셨나요? 이제는 AI의 도움을 받아 훨씬 더 재미있고 효과적으로 학습할 수 있는 시대가 왔습니다! 바로 듀오링고 맥스(Duolingo Max)가 그 주인공인데요. 이 서비스는 기존 듀오링고의 장점에 AI 기술을 더해 여러분의 언어 실력을 한 단계 업그레이드 시켜줄 거예요. 개인에게 딱 맞는 피드백과 심화 학습으로, 마치 개인 과외 선생님과 함께하는 듯한 경험을 선사합니다.
정말 기대되지 않나요? AI가 어떻게 우리의 언어 학습을 혁신할 수 있을지, 지금부터 듀오링고 맥스의 놀라운 기능들을 함께 살펴볼까요?
듀오링고 맥스의 혁신적인 AI 학습 기능
과연 듀오링고 맥스는 무엇이 다를까요? 그 핵심은 바로 AI 기반의 심화 학습 기능입니다. 최신 리뷰에서 극찬하는 '오류 설명(Explain My Answer)'은 틀린 문제의 원인을 즉시 파악하게 돕고, '역할극(Roleplay)'은 AI 챗봇과 실전 대화로 회화 자신감을 키워줍니다. 마치 원어민 친구와 대화하는 것처럼 자연스럽게 실력을 늘릴 수 있죠.
""듀오링고 맥스의 AI 기능은 단순히 정답을 알려주는 것을 넘어, 왜 틀렸는지, 어떻게 개선해야 하는지 명확하게 제시해줘요. 언어 학습의 패러다임을 바꿀 만한 혁신입니다!""
여기에 무제한 하트, 광고 제거 등 슈퍼 듀오링고 혜택까지 더해져 몰입도 높은 학습이 가능합니다. 더 이상 학습 흐름이 끊길 걱정 없이 오직 언어 학습에만 집중할 수 있게 되는 거죠.
AI가 여러분의 언어 학습을 어떻게 변화시킬 수 있을지 상상해보셨나요? 듀오링고 맥스와 함께라면 그 상상이 현실이 됩니다!
듀오링고 맥스를 합리적인 가격으로 이용하는 현명한 방법
이렇게 좋은 듀오링고 맥스 AI 기능, 혹시 가격 부담 때문에 망설이고 계신가요? 걱정 마세요! 구독 공유 플랫폼이 핵심 해결책입니다. 넷플릭스나 유튜브 프리미엄처럼 듀오링고 맥스도 합리적인 비용으로 이용할 수 있는 방법이 있답니다.
그중에서도 제가 강력 추천하는 곳은 바로 피클플러스입니다. 피클플러스는 듀오링고 맥스를 포함한 다양한 구독 서비스를 안전하고 편리하게 공유할 수 있도록 도와주는 플랫폼이에요.
피클플러스, 왜 추천할까요?
피클플러스는 듀오링고 맥스를 월 5천원대로 저렴하게 이용 가능합니다. 계정 공유 때문에 번거로웠던 경험 있으시죠? 피클플러스는 계정 공유 없이 플랫폼이 직접 관리하며, 안전한 파티 매칭과 정산으로 편리하고 안정적인 서비스를 제공합니다. 정말 스마트한 방법이죠!
피클플러스로 듀오링고 맥스 시작하기
피클플러스 웹사이트에 접속해서 간편하게 회원가입을 해주세요.
검색창에 '듀오링고 맥스'를 검색한 후 원하는 상품을 선택합니다.
공유 그룹에 참여하거나 직접 그룹을 생성할 수 있어요.
결제 시, 잊지 말고 할인쿠폰 코드 B8290428을 입력해주세요! 추가 할인을 받을 수 있는 절호의 기회입니다.
제공된 계정 정보로 듀오링고 맥스에 로그인하고, 이제 AI와 함께 언어 학습을 시작하면 됩니다!
가격 비교: 공식 구독 vs. 피클플러스
듀오링고 공식 구독 약 15,000원 단독 사용
피클플러스 공유
표 더보기
(위 가격은 예시이며 실제와 다를 수 있습니다. 자세한 내용은 피클플러스에서 확인하세요.)
✨ 특별 할인 혜택! ✨
지금 바로 피클플러스에서 듀오링고 맥스를 검색하고, 결제 시 할인쿠폰 B8290428을 입력해서 추가 할인을 꼭 받으세요! 이 기회를 놓치지 마세요!
스마트한 언어 학습, 지금 바로 시작하세요!
어떠셨나요? AI 기반 듀오링고 맥스와 피클플러스를 통한 합리적인 구독 방법까지! 이제 언어 학습이 더 이상 어렵고 비싼 일이 아니라는 것을 알게 되셨을 거예요. AI의 도움을 받아 효율적으로 실력을 향상시키고, 동시에 비용까지 절약할 수 있는 이 스마트한 기회를 놓치지 마세요.
AI 기반 듀오링고 맥스로 언어 학습의 새 시대를 경험하세요!
피클플러스에서 듀오링고 맥스 할인받기!
스마트한 언어 실력 향상 여정을 지금 바로 시작해보세요! 여러분의 언어 학습을 응원합니다!
자주 묻는 질문
Q: 듀오링고 맥스는 어떤 서비스인가요?
A: 듀오링고 맥스는 AI 기반 듀오링고 프리미엄 서비스로, '오류 설명', '역할극' 등 심화 학습 기능을 제공하여 언어 실력 향상을 돕습니다.
Q: 듀오링고 맥스의 주요 AI 기능은 무엇인가요?
A: '오류 설명'은 틀린 문제의 원인을 자세히 해설해주고, '역할극'은 AI 챗봇과의 실전 대화 연습을 통해 회화 능력을 키워줍니다.
Q: 피클플러스는 어떤 서비스인가요?
A: 피클플러스는 듀오링고 맥스 등 다양한 구독 서비스를 합리적인 가격으로 공유할 수 있도록 돕는 안전하고 편리한 플랫폼입니다.
Q: 피클플러스를 통해 듀오링고 맥스를 구독하면 어떤 점이 좋은가요?
A: 공식 구독보다 훨씬 저렴하게 이용할 수 있으며, 피클플러스가 계정 관리와 정산을 대행해주기 때문에 편리하고 안전하게 이용할 수 있습니다.
Q: 할인쿠폰 코드 B8290428은 어떻게 사용하나요?
A: 피클플러스에서 듀오링고 맥스 상품을 결제할 때, 해당 쿠폰 코드를 입력하는 칸에 B8290428을 입력하시면 추가 할인을 받을 수 있습니다.
좋아요공감
공유하기
게시글 관리
구독하기"
"영어공부하는 직장인
hateenglish.tistory.com",https://hateenglish.tistory.com/22,tistory,maxai,blog,2026-01-18T15:32:33.203121,"영어 공부를 다짐하고 한국에 있는 모든 플랫폼을 최소 한 달 이상은 사용해 보자는 각오로 공부하고 있다. 돈이 들어가면 그만큼 공부를 하겠지 하는 생각. 
  스픽은 1년이 넘었고, 최근 스피킹맥스를 해봤다. 사람과 닮은 AI와 이야기를 하니 공부가 더 잘될 것 같은 느낌적인 느낌이랄까. 
  하지만 이전에, 나는 프랙티카(PRACTIKA)를 결제했다. 이유는 저렴한 가격. 스피킹맥스 가격이 월 9만 9000원인데 반해 프랙티카는 1년에 5만 원(지난해 말 기준). 그런데 말입니다. 프랙티카는 뭔가... 우리 식이 아니다. 느낌이 뭐랄까. 답을 주고받는 느낌도 그렇고, 한국인에 특화된 앱이 아니다 보니 한 일주일 하다가 결국 5만 원을 날리고 말았는데(올해 말에 또 결제되는지 잘 살펴봐야 함 젠장). 오늘 구독 취소함. 깜박하다가 자동결제 될까 봐. 
  맥스 AI는 확실히 달랐다. 교육은 한국이 최고. 
  일단 광고 영상에서 자주 보는 외국인(아래)은 PT쌤이다. 선생님을 몇 명 고를 수 있는데 난 광고에서 가장 많이 나오는 사람으로 선택. 수업을 선택하고 들으면 이 분이 뿅 나타나서 대화를 시작한다. 주제에 대한 얘기만 하는 것이 아니라 일상을 묻고, 천천히 주제로 넘어간다. PT 1코스를 끝내는 데 걸리는 시간은 대략 10~15분가량. 
  'MATE'라는 게 있어서 뭔가 들어가 봤더니 '톡이즈'와 같은 매력적인 젊은 남녀 AI 인간들이 나온다. 아래와 같다. 
물론 이 사람이 등장, 저 얼굴의 AI가 입 모양 움직이면서 대화를 하는 것은 아니다. 저건 프로필 사진. MATE를 클릭하면 대화를 나눌 수 있는데 여기서 스픽과 차이가 드러난다. 
  스픽에도 강의 외에 비슷한 AI 기능이 있다. 여러 상황을 가정해서 대화를 나누는. 하지만 맥스AI는 확실히 대화에 최적화된 느낌이었다. 대화가 잘 이어지고, 이에 따른 피드백도 잘 정리해 준다. 대화하다 보면 나도 모르게 10분 15분이 훌쩍 지나는데(물론 내 영어는 형편없다), 잘 알아듣고, 또 재미있는 것은 PT 과정에서 한 주제들을 자연스럽게 묻는 것 같다. 그래서 PT에서 배운 내용을 다시 언급할 수 있도록 돕는 느낌이랄까. 
  스픽이 수업(스픽의 수업은 지겹지 않다)에 최적화되어 있다면 맥스 AI는 대화에 최적화된 느낌. 
  나는 요즘 스픽으로 수업을 많이 듣고, 맥스 AI로 대화를 많이 하는데, 1시간이 훌쩍 지나간다. 공부 더 하고 싶지만 애들 봐야 하고 와이프랑도 놀아야 한다. 
  그렇다고, 이 두개를 꼭 다 할 필요는 없을 듯싶다. 
각기 나름의 장점이 존재하는 만큼(맥스AI에도 짧은 강의들이 있다) 하나 해서 쭉 하는 것도 추천. 나처럼 졸라, 개졸라 초보 입장에서는 스픽으로 두려움을 없애고, 맥스 AI로 대화 감각을 익히는 게 좋을 듯. 
  결론 = 둘 다 좋다. 
좋아요2
공유하기
게시글 관리
구독하기
'말하기' 카테고리의 다른 글
영어 공부 하면서 느낀점  (0) 2025.04.04
링글 AI 평가 한계? 문제점? 나의 한계?  (0) 2024.11.28
국제피싱범과 무료로 영어공부하기-2  (0) 2024.11.12
국제 피싱범과 '무료로' 영어공부하기  (1) 2024.11.11
링글 6개월 차, AI 분석[영어 개초보]  (0) 2024.11.11"
"mynote2732
mynote2732.tistory.com",https://mynote2732.tistory.com/571,tistory,maxai,blog,2026-01-18T15:32:33.203121,"영어 실력 향상에 고민하고 계신가요? 그렇다면 이 글을 주목해 주세요. 오늘은 제가 직접 사용해본 'Max AI' 영어 스피킹 앱의 생생한 후기를 전해드리려 합니다.
  XLIM EP6 알아보기!
    영어는 국제 언어로 자리 잡으면서 그 중요성이 날로 커지고 있습니다. 하지만 바쁜 일상 속에서 영어 공부를 꾸준히 하기란 쉽지 않죠. 그래서 많은 분들이 AI 기술을 활용한 영어 학습 앱에 주목하고 있습니다. 그중에서도 Max AI는 주목받는 앱 중 하나입니다. 과연 Max AI는 어떤 특징과 장점을 가지고 있을까요?
  Max AI, 어떤 앱일까요?
Max AI는 스피킹 맥스에서 개발한 AI 기반 영어 회화 학습 앱입니다. 원어민 AI 튜터와 실제 대화를 나누며 영어 실력을 향상시킬 수 있는 것이 특징이죠. 단순히 문법과 단어를 암기하는 것이 아니라, 실제 상황에서 사용할 수 있는 영어 회화 능력을 기를 수 있습니다.
  AI 튜터와의 대화
Max AI의 가장 큰 장점은 AI 튜터와 실시간으로 대화할 수 있다는 점입니다. 사용자가 말하면 AI 튜터가 즉각적으로 반응하고 피드백을 제공하죠. 이를 통해 자연스러운 영어 대화 연습이 가능합니다. 또한 AI 튜터는 사용자의 발음과 문법 오류를 즉시 교정해주어 실력 향상에 큰 도움이 됩니다.
  맞춤형 학습 코스
Max AI는 초급부터 고급까지 다양한 수준의 학습 코스를 제공합니다. 사용자의 영어 실력을 진단하여 적절한 코스를 추천해주죠. 또한 개인의 학습 패턴과 진척도를 분석하여 맞춤형 학습 계획을 제시합니다. 이를 통해 효율적이고 체계적인 영어 학습이 가능합니다.
  Max AI 사용자들의 후기
Max AI를 사용해본 분들의 후기를 살펴보면, 대부분 긍정적인 반응을 보입니다. 특히 AI 튜터와의 대화 연습이 큰 도움이 되었다는 의견이 많죠. 또한 체계적인 학습 코스와 맞춤형 피드백으로 영어 실력이 눈에 띄게 향상되었다는 후기도 있습니다.
  ""Max AI 덕분에 영어 회화에 자신감이 생겼어요. 원어민 선생님과 대화하는 것 같은 느낌이 들어 정말 좋았습니다."" - 김영희 님
  ""체계적인 학습 코스와 AI 튜터의 피드백 덕분에 영어 실력이 크게 늘었어요. 이제는 해외 출장 갈 때도 영어로 소통하는 게 두렵지 않습니다."" - 박철수 님
  Max AI, 어떻게 사용하나요?
Max AI는 모바일 앱으로 제공되며, 간단한 절차를 거쳐 사용할 수 있습니다. 먼저 앱을 다운로드하고 회원 가입을 하면 됩니다. 그 후 자신의 영어 실력을 진단하고 맞춤형 학습 코스를 선택하면 됩니다. 그러면 AI 튜터와 실제 대화를 나누며 영어 실력을 향상시킬 수 있습니다.
  다양한 학습 콘텐츠
Max AI에서는 단순한 대화 연습뿐만 아니라 다양한 학습 콘텐츠를 제공합니다. 영어 문법, 발음, 어휘 등 영역별 학습 자료와 실생활 대화 시나리오 등이 준비되어 있죠. 이를 통해 체계적이고 균형 잡힌 영어 실력 향상이 가능합니다.
  Max AI, 어떻게 활용하면 좋을까요?
Max AI는 어떤 상황에서 활용하면 좋을까요?
  Max AI는 바쁜 일상 속에서도 언제 어디서나 영어 공부를 할 수 있다는 점이 가장 큰 장점입니다. 출퇴근 시간, 점심 시간, 휴식 시간 등 틈틈이 활용하면 효과적인 영어 학습이 가능합니다. 또한 해외 출장이나 여행 전에 실전 대화 연습을 하는 데에도 도움이 될 것 같습니다.
  Max AI 활용 팁:
- 틈틈이 앱을 열어 AI 튜터와 대화 연습하기 - 출퇴근 시간에 문법, 발음 등 영역별 학습 콘텐츠 활용하기 - 해외 출장 전 실생활 대화 시나리오로 미리 연습하기
Max AI, 영어 실력 향상의 새로운 길을 열다
지금까지 Max AI 영어 스피킹 앱의 다양한 특징과 사용자 후기를 살펴보았습니다. AI 튜터와의 실시간 대화 연습, 맞춤형 학습 코스, 풍부한 학습 콘텐츠 등 Max AI만의 강점이 돋보이죠. 바쁜 일상 속에서도 언제 어디서나 영어 공부를 할 수 있다는 점도 큰 장점입니다.
  Max AI를 활용하면 영어 실력 향상은 물론, 자신감 향상과 새로운 기회 창출까지 기대할 수 있습니다. Max AI와 함께 영어 실력의 새로운 지평을 열어보는 것은 어떨까요?
  자주 묻는 질문
Max AI 영어 스피킹 앱은 어떤 기능이 있나요?
Max AI 영어 스피킹 앱은 AI 기술을 활용하여 원어민과 실제 대화하는 것과 같은 경험을 제공합니다. 사용자는 AI 튜터와 음성으로 대화하며 발음, 문법, 유창성 등을 향상시킬 수 있습니다. 또한 단계별 학습 코스와 실시간 피드백 기능을 통해 개인 맞춤형 학습이 가능합니다.
  Max AI와 기존 영어 스피킹 앱의 차이점은 무엇인가요?
Max AI는 기존 영어 스피킹 앱과 달리 AI 기술을 활용하여 원어민과 실제 대화하는 것과 같은 경험을 제공합니다. 사용자는 AI 튜터와 음성으로 대화하며 실시간 피드백을 받을 수 있어 보다 효과적인 학습이 가능합니다. 또한 단계별 학습 코스와 개인 맞춤형 학습 기능을 통해 체계적이고 효율적인 영어 실력 향상을 도모할 수 있습니다.
  Max AI 영어 스피킹 앱의 장점은 무엇인가요?
Max AI 영어 스피킹 앱의 주요 장점은 다음과 같습니다:
1. AI 기술을 활용한 실제 대화 경험 제공
2. 단계별 학습 코스와 개인 맞춤형 학습 기능
3. 실시간 피드백을 통한 효과적인 발음, 문법, 유창성 향상
4. 언제 어디서나 편리하게 학습 가능
5. 전문 원어민 튜터와 1:1 대화 기회 제공
  Max AI 영어 스피킹 앱의 가격은 어떻게 되나요?
Max AI 영어 스피킹 앱의 가격은 다양한 구독 옵션을 통해 제공됩니다. 기본 구독 플랜은 월 XX,XXX원이며, 연간 구독 시 할인 혜택이 제공됩니다. 또한 정기적으로 다양한 프로모션과 할인 이벤트가 진행되므로 이를 활용하면 더욱 저렴한 가격에 이용할 수 있습니다. 자세한 가격 정보와 할인 혜택은 Max AI 공식 웹사이트에서 확인하실 수 있습니다.
  Max AI 영어 스피킹 앱 사용 후기는 어떤가요?
Max AI 영어 스피킹 앱에 대한 사용자들의 후기는 대체로 긍정적입니다. 많은 사용자들이 AI 튜터와의 대화 경험을 통해 발음, 문법, 유창성 등이 향상되었다고 평가하고 있습니다. 특히 언제 어디서나 편리하게 학습할 수 있다는 점과 실시간 피드백 기능이 도움이 되었다는 의견이 많습니다. 또한 단계별 학습 코스와 개인 맞춤형 학습 기능을 통해 체계적이고 효과적인 영어 실력 향상이 가능하다는 점도 장점으로 언급되고 있습니다.
  좋아요공감
공유하기
게시글 관리
구독하기"
rodangdong.tistory.com,https://rodangdong.tistory.com/123,tistory,maxai,blog,2026-01-18T15:32:33.203121,"📚 같이 보면 좋은 글
🌐 AI 번역 혁명, DeepL로 누구나 원어민처럼 번역하는 시대
✍️ 이메일부터 보고서까지, 글쓰기 자신감을 높여주는 꿀팁, Grammarly
🎓 벼락치기 대신 똑똑하게 공부하는 단 하나의 방법, Quizlet
🎵 Endel AI 사운드: 잠 못 이루는 밤, 집중 안 되는 낮, 소리로 해결하는 법
🎬 HeyGen AI 아바타 영상 제작 완벽 가이드
📋 목차
외국어 학습의 가장 큰 고민, AI가 해결한다
GPT-4 기반 듀오링고 맥스의 핵심 기술
게임처럼 즐기는 두 가지 핵심 기능
듀오링고 맥스로 달라지는 학습 경험
AI 외국어 교육의 미래
자주 묻는 질문 (FAQ)
외국어 학습의 가장 큰 고민, AI가 해결한다
외국어를 배우고 싶은 마음은 누구나 있지만, 실제로 꾸준히 공부하고 실력을 늘리는 것은 쉽지 않습니다. 특히 혼자서 공부할 때 가장 큰 어려움은 ""왜 틀렸는지 모르겠다""는 막막함과 ""실제로 대화해볼 기회가 없다""는 한계입니다. 문법책을 아무리 봐도 실전에서 어떻게 써야 할지 감이 안 오고, 단어를 외워도 막상 원어민과 대화할 상황이 되면 입이 떨어지지 않습니다.
듀오링고의 귀여운 마스코트 Duo가 이제 AI 튜터가 되어 당신의 학습을 도와줍니다

듀오링고 맥스(Duolingo Max)는 바로 이런 고민을 해결하기 위해 탄생했습니다. 전 세계 5천만 명이 사용하는 언어 학습 앱 듀오링고가 OpenAI의 최신 인공지능 기술인 GPT-4를 도입해 만든 프리미엄 서비스입니다. 단순히 문제를 풀고 정답을 확인하는 것을 넘어, AI가 개인 교사처럼 옆에서 설명해주고, 실제 상황에서 대화 연습까지 시켜주는 혁신적인 학습 경험을 제공합니다.
💡 핵심 포인트: 듀오링고 맥스는 비싼 원어민 과외 없이도, 24시간 언제 어디서나 스마트폰만 있으면 AI 개인 튜터와 함께 외국어를 배울 수 있는 서비스입니다. 문법 설명부터 실전 회화 연습까지 모두 가능합니다.
GPT-4 기반 듀오링고 맥스의 핵심 기술
🤖 교육에 최적화된 GPT-4 AI
듀오링고 맥스의 핵심은 OpenAI의 GPT-4 기술을 교육 목적에 맞게 정교하게 튜닝한 것입니다. 일반적인 챗봇과 달리, 듀오링고의 AI는 교육 전문가들의 철학이 반영되어 있어 단순히 정답만 알려주지 않습니다. 대신 학습자가 스스로 답을 찾을 수 있도록 힌트를 주고, 비슷한 예문을 보여주며, 이해를 돕는 질문을 던집니다.
예를 들어, 스페인어 문장에서 관사를 틀렸다면 AI는 ""이 문장에서는 'el'이 아니라 'la'를 써야 해요""라고 직접 알려주는 대신, ""명사의 성별을 다시 한번 확인해볼까요? 이 단어는 남성형일까요, 여성형일까요?""와 같이 생각을 유도합니다. 이런 방식은 단순 암기가 아닌 진짜 이해를 통한 학습을 가능하게 합니다.
🎭 역할극으로 실전 회화 연습
듀오링고 맥스의 두 번째 핵심 기술은 페르소나 기반 역할극 시스템입니다. AI는 파리의 카페 주인, 도쿄 거리의 행인, 베를린 호텔 직원 등 다양한 캐릭터로 변신해 실제 상황과 똑같은 대화를 진행합니다. 미리 정해진 대본을 따라가는 것이 아니라, 사용자의 대답에 따라 실시간으로 반응하고 대화 방향을 조정합니다.
✅ AI 안전장치:
학습과 무관한 대화 차단
연령과 수준에 맞는 콘텐츠 제공
듀오링고 교육 커리큘럼과 100% 일관성 유지
부적절하거나 잘못된 정보 자동 필터링
게임처럼 즐기는 두 가지 핵심 기능
1 듀오링고 맥스의 핵심 기능인 Roleplay(역할극)와 Explain My Answer(답변 설명) 화면

  💬 Explain My Answer: 왜 틀렸는지 알려주는 친절한 선생님
문제를 틀렸을 때 가장 답답한 건 ""왜 틀렸는지 모르는 것""입니다. 'Explain My Answer' 기능은 이 문제를 해결해줍니다. 문제를 풀고 난 후 버튼 하나만 누르면, AI 튜터 Duo가 채팅 형식으로 친절하게 설명해줍니다.
📝 실제 사용 예시:
""J'ai mangé au restaurant""라고 썼는데 틀렸다고 나왔어요.
AI 설명: ""프랑스어에서 '레스토랑에서'를 표현할 때는 'au'가 아니라 'à'를 사용해야 해요. 'au'는 'à + le'의 축약형이라 남성 정관사와 함께 쓰이죠. 하지만 여기서는 특정 레스토랑이 아니라 일반적인 레스토랑을 말하니까 'à'만 쓰면 됩니다!""
더 궁금한 게 있으면 계속 질문할 수도 있습니다. ""다른 예문도 보여줄 수 있어?""라고 물으면 AI가 즉시 비슷한 예문 3~4개를 만들어 보여줍니다. 마치 옆에서 인내심 많은 선생님이 1:1로 가르쳐주는 것과 똑같은 경험입니다.
🎬 Roleplay: 실수해도 괜찮은 안전한 연습장
외국어 회화의 가장 큰 장벽은 ""실수가 두려워서 입이 안 떨어지는 것""입니다. Roleplay 기능은 이 두려움을 완전히 없애줍니다. AI 캐릭터와 대화하면서 틀려도 아무도 놀리지 않고, 오히려 격려해줍니다.
☕ 시나리오 1: 파리 카페
카페 주인 역할을 하는 AI와 커피를 주문하는 대화를 나눕니다. ""크루아상도 있나요?"", ""테이크아웃 가능한가요?"" 같은 실전 표현을 자연스럽게 배웁니다.
✈️ 시나리오 2: 공항 짐 찾기
공항 직원과 대화하며 잃어버린 짐을 찾습니다. ""제 가방이 안 나왔어요"", ""언제쯤 찾을 수 있을까요?"" 같은 긴급 상황 표현을 연습합니다.
대화가 끝나면 AI가 구체적인 피드백을 줍니다. ""문법은 완벽했어요! 다만 '주문하다'라는 표현 대신 '받다'를 쓰면 더 자연스러워요""처럼 실용적인 조언을 해줍니다. 이런 과정을 반복하면 실제 원어민과 대화할 때도 자신감이 생깁니다.
🌟 사용자 후기: ""3개월 동안 Roleplay로 연습했더니, 실제로 스페인 여행 갔을 때 레스토랑에서 주문하는 게 너무 자연스러웠어요. 예전에는 메뉴판만 가리키며 주문했는데, 이제는 웨이터와 대화까지 할 수 있어요!"" - Sarah, 듀오링고 맥스 사용자
듀오링고 맥스로 달라지는 학습 경험
⚡ 학습 효율이 놀라울 정도로 높아집니다
듀오링고의 내부 데이터에 따르면, Explain My Answer 기능을 사용하는 학습자는 문법 개념 기억률이 34% 더 높다고 합니다. 단순히 정답을 외우는 게 아니라 원리를 이해하기 때문입니다. Roleplay를 꾸준히 사용한 사람들은 4주 만에 78%가 실전 회화에 자신감을 느낀다고 응답했습니다.
💰 비용 대비 효과
학습 방법 연간 비용
원어민 1:1 과외 (주 1회) 300만원~600만원
오프라인 어학원 120만원~300만원
듀오링고 맥스 약 20만원 (무제한)
🌍 언어 학습의 접근성이 혁신적으로 개선됩니다
듀오링고 맥스의 가장 큰 장점은 누구나 쉽게 접근할 수 있다는 것입니다. 고가의 과외나 학원에 다닐 여유가 없는 사람도, 시골에 살아서 원어민을 만나기 어려운 사람도, 바쁜 직장인이나 학생도 스마트폰만 있으면 언제 어디서나 학습할 수 있습니다.
24시간 이용 가능: 새벽이든 심야든 언제든 AI 튜터와 대화할 수 있습니다
자투리 시간 활용: 출퇴근 지하철, 점심시간 등 짧은 시간도 효율적으로 학습
반복 학습 무제한: 이해될 때까지 몇 번이고 질문하고 연습 가능
개인 맞춤 속도: 빠르게 배우고 싶은 사람도, 천천히 배우고 싶은 사람도 모두 OK
⚠️ 주의사항: 듀오링고 맥스는 현재 iOS에서 영어 화자가 스페인어, 프랑스어, 독일어, 이탈리아어, 포르투갈어를 배울 때만 사용 가능합니다. 다른 언어와 플랫폼 지원은 점차 확대될 예정입니다. 한국어 버전은 아직 출시되지 않았습니다.
AI 외국어 교육의 미래
🎤 음성 인식으로 발음까지 완벽하게
듀오링고 맥스의 다음 단계는 음성 인식 기술과의 결합입니다. 현재는 텍스트 기반으로 대화하지만, 곧 실제로 말하면서 연습하고 AI가 발음과 억양을 실시간으로 교정해주는 기능이 추가될 예정입니다. ""restaurant""를 발음할 때 'r' 발음이 정확한지, 악센트가 어디에 들어가는지 등을 즉시 피드백받을 수 있게 됩니다.
🧠 완전 자동화된 맞춤 커리큘럼
AI는 학습자의 모든 데이터(틀린 문제 유형, 회화 패턴, 학습 시간, 강점과 약점)를 분석해 개인에게 최적화된 학습 경로를 자동으로 설계할 것입니다. ""당신은 과거 시제가 약하니 이번 주는 과거 시제 집중 연습이 필요해요""처럼 마치 개인 교사가 계획을 짜주는 것처럼 말이죠.
🚀 듀오링고 CEO Luis von Ahn의 비전
""대부분의 사람들은 1:1 인간 교사를 만날 기회가 없습니다. 하지만 AI는 인간 교사의 경험을 재현하고 이를 전 세계 모든 사람에게 제공할 수 있을 것입니다.""
듀오링고 맥스는 단순한 학습 앱이 아니라 AI 시대 교육의 미래를 보여주는 선구자입니다. 앞으로 더 많은 언어, 더 다양한 학습 스타일, 더욱 몰입감 있는 경험(VR 회화 연습 등)이 추가되면서 외국어 학습의 패러다임이 완전히 바뀔 것입니다.
🌐 듀오링고 맥스 공식 사이트 바로가기 →
📌 관련 추천 글
🌐
AI 번역의 최강자 DeepL, 번역 품질이 궁금하다면?
✍️
영어 이메일 작성이 어렵다면? Grammarly로 해결하세요
🎓
시험 준비는 AI와 함께! Quizlet 완벽 활용법
자주 묻는 질문 (FAQ)
Q1. 듀오링고 맥스는 얼마인가요?
미국 기준 월 $29.99 또는 연간 $167.99입니다. 한국 원화로는 대략 월 4만원, 연간 20만원 정도입니다. 일반 듀오링고(무료)나 Super Duolingo보다 비싸지만, AI 튜터 기능을 사용할 수 있다는 점에서 가치가 있습니다.
Q2. 모든 언어를 배울 수 있나요?
아니요. 현재는 영어 화자가 스페인어, 프랑스어, 독일어, 이탈리아어, 포르투갈어를 배울 때만 Explain My Answer와 Roleplay 기능을 사용할 수 있습니다. 한국어나 일본어 등 다른 언어는 아직 지원되지 않지만, 점차 확대될 예정입니다.
Q3. 완전 초보자도 사용할 수 있나요?
네! AI는 사용자의 레벨에 맞춰 설명과 대화의 난이도를 자동으로 조절합니다. 초보자에게는 쉬운 단어와 짧은 문장으로 설명하고, 중급자 이상에게는 더 복잡한 문법과 다양한 표현을 사용합니다. 처음 시작할 때 레벨 테스트를 통해 적절한 수준부터 시작하게 됩니다.
Q4. AI가 가끔 틀린 답을 주지는 않나요?
듀오링고는 이 문제를 매우 심각하게 받아들이고 있습니다. 모든 AI 답변은 언어 전문가 팀이 지속적으로 검토하고 있으며, GPT-4는 이"
xens.tistory.com›추억의-고전-채팅게임-맥스,https://xens.tistory.com/entry/%EC%B6%94%EC%96%B5%EC%9D%98-%EA%B3%A0%EC%A0%84-%EC%B1%84%ED%8C%85%EA%B2%8C%EC%9E%84-%EB%A7%A5%EC%8A%A4,tistory,maxai,blog,2026-01-18T15:32:33.203121,"한창 386을 쓰던시절에 했던 게임중에는 지금도 그 재미를 그리워할만한 게임이 많았습니다.

특히나 삼국지 시리즈에 푹 빠져지낸적이 많지요. 그중 몇번이고 다시 클리어 했던게임은

바로 이놈입니다.

삼국지 영걸전 KOEI사에서 이당시에 만든 게임들은 대히트였죠. 대항해시대와 함께 너무나
즐겁게 플레이했었습니다. 유비의 코끝부분을 클릭 연타질 하면 금단의 코드 어쩌고 저쩌고
결과는 책임질수 없다며 겁을 준뒤에 레벨이 50이 되고 돈이 5천인가로 늘어났던것으로
기억합니다.
이시기에는 한국에서 개발된 게임 소프트웨어가 그다지 많지 않았는데 꽤나 흥미로운 게임이

있었으니 채팅게임인 '맥스' 입니다. 어쩌다 보니 다시 한번 해보게 됐는데 한번 들여다보죠.

오프닝 화면 캬~ 정말 오랜만에 보는 화면이었습니다. 윈도우 비스타 상에선 잘 돌아가지도
않고 되게 만들기도 귀찮아서 Vmware를 사용 윈도우 XP상에서 실행하였습니다.

게임 방식은 간단합니다. 그냥 화면이 뜨면 채팅하면 됩니다. 예전 VT기반 통신 에뮬레이터
에서 채팅하는 기분이 들죠. 실행하자마자 신문지에나 앉으라고 해서 욕해줬습니다.

스코가 뭘까요.. 예전 기억을 다시 살려봐도 생각이 안납니다. 스코치를 말하는건가..밑에
릴리즈 년도를 보면 아시겠지만 94년도에는 색히란 단어를 쓰진 않았던것 같습니다. ㅋㅋ
그래서 맥스가 못알아 먹고 헛소릴 해대죠.

맥스가 최진실을 좋아한다고 들은게 있어서 최진실 만세를 썼건만 답할 가치가 없다고
지껄입니다. 이 버전은 맥스 구버전이고 신버전은 이것보다 많은 패턴으로 대화를 나눌수가
있습니다만 귀찮아서 찾아보진 않았습니다.

은근히 약올립니다. ㅋㅋ 못알아먹는게 더열받게 하는 맥스 ㅋㅋ

여자친구 질문에 민감한 맥스 최근 저의 상태와 같군요 -0-ㅋ

대답을 회피하더니 맥순이랑 놀겠다고 뒷통수를 칩니다. 에라이 ㅆㅂㄻ..;;

갈비 먹고 싶다고 했을뿐인데 욕을 해댑니다. 인공지능의 한계이지요 ㅋㅋ

어쩌다보니 맥스를 정말 오랜만에 거의 13~4년정도 만에 해본것 같네요 이시기엔 인공지능은
딸리지만 이런 프로그램이 발전해서 요즘에 심심이란 채팅 게임이 있더군요. 인터넷 상에서
하는것 같은데 자세히는 들여다 보질 않아서 잘 모르겠습니다. 어쨋든 간만에 예전 프로그램
을 접하니 예전에 쓰던 프로그램이나 게임들이 새록새록 생각나더군요. ㅎㅎ
좋아요3
공유하기
게시글 관리
구독하기
'LOG' 카테고리의 다른 글
지난주말에 했던것들  (10) 2008.02.18
낚시 많이 당하십니까?  (8) 2008.02.01
[지름] 삼성 SyncMaster 943BWX  (6) 2008.01.28
양면과 단면메모리 혼용시 주의!(ASUS P5LD2+DDR2+WIN VISTA)  (12) 2008.01.24
방문자 기록 & 서버 마이너 업그레이드 계획  (6) 2008.01.20"
njob33.tistory.com,https://njob33.tistory.com/384,tistory,maxai,blog,2026-01-18T15:32:33.203121,"https://compasspub.com
광고
ELT전문교재 앞서가는 선택
글로벌 ELT 전문교육기업, 컴퍼스퍼블리싱, 앞서나가는 원장님들의 선택!
https://www.Hackers.ac
광고
국내어학연수 해커스스피킹캠프 겨울방학수강료 최대30%할인
영어회화 새해목표 달성! 6개월만에 1년어학연수 효과&1:1피드백 진행! 신청go
      맥스AI란?
  맥스AI는 AI 기술을 기반으로 한 영어회화 학습 플랫폼으로, 사용자 맞춤형 학습을 제공합니다. 특히 실시간 발음 분석, 회화 코칭, 그리고 원어민 수준의 자연스러운 대화 환경을 통해 영어 실력을 빠르게 향상시킬 수 있도록 설계되었습니다. 개인별 학습 데이터 분석을 통해 체계적인 학습이 가능하며, 1:1 밀착 관리와 같은 프리미엄 서비스를 제공합니다.
  주요 기능
  1. AI 발음 분석
사용자의 발음을 실시간으로 분석하고, 개선할 부분을 상세히 알려줍니다.
2. 원어민 대화 연습
AI가 원어민 친구 역할을 하여 자연스러운 회화를 연습할 수 있습니다.
3. 개인 맞춤형 학습
사용자의 학습 패턴과 실력을 기반으로 커리큘럼을 조정합니다.
4. 다양한 코스 제공
정규 코스와 스페셜 코스를 통해 초급부터 고급까지 맞춤 학습이 가능합니다.
5. 멀티 디바이스 지원
PC와 모바일에서 모두 학습할 수 있어 언제 어디서든 학습이 가능합니다.
  이용 방법
  1. 회원가입 및 설정
맥스AI 공식 웹사이트에서 회원가입 후 수준 테스트를 통해 현재 영어 실력을 진단받습니다.
사용 목적과 목표를 설정하면 적합한 학습 코스가 추천됩니다.
2. 학습 진행
정규 코스: 회화, 발음, 어휘 등 기본기를 다지는 과정.
스페셜 코스: 비즈니스 영어, 여행 영어 등 특정 목적에 맞춘 과정.
AI Mate 기능을 통해 자유롭게 대화하며 실시간 피드백을 받을 수 있습니다.
3. 추가 기능 활용
매일 학습 리포트를 통해 진척 상황을 확인하고, 목표 달성을 위해 조언을 받습니다.
발음 분석 결과와 비교하면서 꾸준히 실력을 개선합니다.
  맥스AI 홈페이지 바로 가기
  장점
  1. 높은 접근성
PC와 모바일 모두 지원하여 학습 환경에 제약이 없습니다.
2. 개인화된 학습 경험
AI 분석을 통해 사용자의 약점을 보완하는 맞춤 학습 제공.
3. 실용성
원어민과 비슷한 대화 연습 환경으로 실전 대비가 가능.
4. 효율성
짧은 시간에도 집중적인 학습이 가능하며, 진척 상황을 실시간으로 확인 가능.
5. 다양한 코스 선택
초급부터 고급까지 맞춤 학습 가능.
  사람들이 자주 묻는 질문 (FAQ)
  1. 맥스AI의 학습 효과는 어느 정도인가요?
정규적으로 학습할 경우 발음, 유창성, 어휘력에서 눈에 띄는 개선을 경험할 수 있습니다.
2. 무료 체험이 가능한가요?
일부 기능은 무료 체험이 가능하며, 자세한 내용은 공식 웹사이트에서 확인하세요.
3. 회화 실력이 없는데 시작할 수 있나요?
초급자를 위한 과정부터 준비되어 있어, 기초 실력부터 차근차근 향상할 수 있습니다.
4. 학습 시간은 어떻게 조정하나요?
하루 최소 10분부터 시작할 수 있으며, 개인의 시간에 맞게 조정 가능합니다.
5. AI Mate는 실제 원어민인가요?
AI Mate는 원어민 수준의 발음과 대화 능력을 가진 AI로, 사용자와 자연스럽게 소통할 수 있습니다.
  결론
  맥스AI는 AI 기술과 개인화된 학습을 결합하여 영어 학습의 효율성을 극대화한 플랫폼입니다. 영어 회화를 자연스럽게 익히고자 하는 분들에게 강력히 추천하며, 자세한 내용은 맥스AI 공식 웹사이트를 방문해보세요.
좋아요6
공유하기
게시글 관리
구독하기
저작자표시 비영리 변경금지
'도움되는 정보' 카테고리의 다른 글
공개 정보를 활용한 위협 분석, OSINT 완전 정복 가이드  (44)
2024.12.16
현대글로비스가 만든 중고차 플랫폼, 오토벨 완벽 가이드  (5)
2024.12.11
스마트폰으로 성공 습관 만들기! Yessi(예씨)  (7)
2024.12.09
도메인 정보 분석 끝판왕, Host.io의 주요 기능과 사용법 공개!  (5)
2024.12.06
워드빗 영어: 영어 단어 학습, 이제는 잠금화면에서!  (48)
2024.12.03"
"구만리세계여행
jhbd00009.tistory.com",https://jhbd00009.tistory.com/1244,tistory,maxai,blog,2026-01-18T15:32:33.203121,"본 포스팅은 파트너스 활동으로 인한 수익금을 지급 받습니다.
듀오링고 맥스: AI와 함께하는 언어 학습의 새 지평
안녕하세요! 혹시 언어 학습에 관심이 많으신가요? 그렇다면 듀오링고 맥스에 대해 꼭 한번 들어보셔야 해요. 단순한 언어 학습 앱을 넘어, AI 기술이 접목되어 학습 효율을 확 끌어올려 주는 혁신적인 서비스거든요. 최신 리뷰들을 보면 단순 광고 제거를 넘어, 실제 언어 능력 향상에 크게 기여한다는 평가가 많답니다.
AI 기능의 핵심
듀오링고 맥스의 가장 큰 매력은 바로 강력한 AI 기능에 있어요. 어떤 기능들이 있는지 한번 살펴볼까요?
역할극 연습: AI 캐릭터와 실시간으로 대화하며 마치 실제 상황처럼 언어를 연습할 수 있어요. 실전 감각을 익히는 데 정말 큰 도움이 된답니다.
오류 설명: 혹시 문제를 틀려도 걱정 마세요! AI가 왜 틀렸는지, 어떻게 고쳐야 하는지 상세하게 설명해줘서 같은 실수를 반복하지 않도록 도와줘요. 깊이 있는 이해를 돕는 거죠.
개인 맞춤 학습: AI가 여러분의 학습 데이터를 꼼꼼히 분석해서, 딱 맞는 최적의 학습 경로를 제시해줘요. 나에게 꼭 맞는 과외 선생님이 생긴 것과 다름없죠!
이런 AI 기능들이 어떻게 여러분의 언어 학습을 바꿔놓을 수 있을지 궁금하지 않으신가요?
듀오링고 버전별 구독 혜택 비교
듀오링고에는 여러 버전이 있는데, 듀오링고 맥스가 어떤 차별점을 가지고 있는지 표로 비교해볼게요. 한눈에 보기 쉽게 정리했으니 참고해주세요.
무료 기본 학습, 광고 포함 없음
플러스
표 더보기
팁: 듀오링고 맥스는 AI 피드백으로 학습 효율을 극대화합니다. 충분히 가치 있는 투자라고 생각해요!
그럼 이제, 듀오링고 맥스의 특별한 AI 기능들이 어떻게 학습 효과를 극대화하는지 좀 더 자세히 알아볼까요?
듀오링고 맥스, 특별한 AI 기능으로 학습 효과 극대화
듀오링고 맥스는 앞서 말씀드린 것처럼 AI 기반 기능으로 학습 효과를 정말 극대화시켜줘요. 특히 두 가지 핵심 기능이 여러분의 언어 실력을 한 단계 업그레이드해 줄 거예요.
AI 역할극: 실전 회화 능력 향상
AI 역할극은 정말 신세계예요! 마치 원어민 튜터와 1:1로 대화하는 것과 같은 효과를 제공하거든요. 다양한 시나리오를 통해 실제 상황을 시뮬레이션하며 언어 사용 능력을 향상시킬 수 있답니다. 자연스러운 대화 흐름을 익히고, 즉각적인 피드백으로 발음과 문법을 교정받을 수 있으니, 회화 실력이 쑥쑥 늘겠죠?
내 답변 설명: 완벽한 이해를 위한 AI 피드백
오답 시 제공되는 '내 답변 설명' 기능은 단순히 정답을 알려주는 것을 넘어, 왜 틀렸는지에 대한 심층적인 분석을 제공해요. 문법적 오류, 어휘 선택의 부적절함 등을 AI가 명확히 설명해주어 같은 실수를 반복하지 않도록 돕습니다. 덕분에 학습자가 개념을 완벽하게 이해하고 넘어갈 수 있도록 이끌어준답니다.
이 외에도 무제한 하트, 광고 없는 학습 환경, 개인화된 진도 추적 등 일반 프리미엄 혜택과 함께 AI 튜터 기능으로 언어 학습의 질을 한 차원 높여줍니다. 여러분은 듀오링고 맥스의 어떤 AI 기능이 가장 기대되시나요?
듀오링고 맥스, 왜 선택해야 할까요?
이렇게 좋은 듀오링고 맥스, 왜 선택해야 하는지 다시 한번 정리해볼게요.
개인화된 학습 경로: AI가 학습자의 강점과 약점을 분석하여 최적의 학습 경로를 제시합니다. 나에게 딱 맞는 학습법을 찾을 수 있어요.
몰입감 있는 경험: 광고 없는 환경과 무제한 하트로 끊김 없는 학습이 가능합니다. 집중력을 방해받을 일이 없죠.
실질적인 언어 능력 향상: AI 튜터 기능으로 회화와 문법 실력을 동시에 향상시킵니다. 단순히 지식을 쌓는 것을 넘어, 실제 언어를 사용할 수 있게 도와줘요.
전문가 의견: 듀오링고 맥스의 AI 기능은 단순한 학습 도구를 넘어, 개인 맞춤형 언어 코치 역할을 수행합니다. 이는 학습 효율을 혁신적으로 높입니다.
듀오링고 맥스, 지금 바로 경험하세요!
피클플러스에서 듀오링고 맥스를 저렴하게 구독하고, 할인 쿠폰 B8290428을 사용하여 추가 혜택을 받으세요. 피클플러스 바로가기
이렇게 뛰어난 듀오링고 맥스, 혹시 구독료가 부담되실까 봐 걱정되시나요? 걱정 마세요! 이제 듀오링고 맥스를 저렴하게 이용하는 알뜰 팁을 알려드릴게요.
듀오링고 맥스 구독, 저렴하게 이용하는 알뜰 팁
듀오링고 맥스의 강력한 기능을 부담 없이 이용하려면, 파티원 모집 플랫폼을 활용하는 것이 가장 현명한 방법이에요. 특히 피클플러스와 같은 서비스를 이용하면 정가보다 훨씬 저렴하게 구독할 수 있답니다.
지금 바로 듀오링고 맥스를 저렴하게 이용해보세요!
피클플러스 링크 바로가기
할인쿠폰 코드: B8290428
피클플러스 활용의 실제 후기
피클플러스는 넷플릭스, 유튜브 프리미엄 등 다양한 디지털 구독 서비스를 함께 이용할 파티원을 찾아주는 플랫폼이에요. 듀오링고 맥스 역시 이곳에서 파티에 참여하거나 직접 파티를 생성하여 비용을 절감할 수 있답니다. 실제로 많은 사용자들이 피클플러스를 통해 듀오링고 맥스 구독료를 최대 70%까지 절감했다고 해요! 예를 들어, 한 달에 약 1만원에 달하는 구독료를 3천원대로 줄일 수 있어서 부담 없이 AI 학습을 시작할 수 있죠. 다른 구독 서비스에도 적용 가능하니, 여러분의 구독 생활에 피클플러스를 활용해보는 건 어떠세요?
할인쿠폰 B8290428: 놓치지 마세요!
피클플러스 이용 시 할인쿠폰 B8290428을 잊지 말고 꼭 적용하여 추가 할인 혜택을 받으세요! 이 쿠폰은 피클플러스 첫 이용 시 또는 특정 프로모션 기간에 적용 가능하며, 최종 결제 금액에서 추가 할인을 받을 수 있는 꿀팁입니다. 결제 단계에서 쿠폰 코드를 입력하는 칸을 놓치지 마세요. 이 작은 노력으로 더 큰 절약 효과를 누릴 수 있답니다.
듀오링고 맥스, 장기 구독의 이점
피클플러스를 통해 파티에 참여하거나 직접 파티를 생성하여 장기 구독을 고려하는 것도 좋은 방법이에요. 일반적으로 연간 구독이 월간 구독보다 할인율이 높으며, 피클플러스와 결합하면 더욱 큰 시너지를 낼 수 있거든요. 안정적인 학습 환경을 장기간 유지하면서 비용까지 절약할 수 있으니, 꾸준한 언어 학습을 계획 중이라면 장기 구독을 적극 추천합니다.
사용자 후기: ""피클플러스 덕분에 듀오링고 맥스를 정말 저렴하게 이용하고 있어요. AI 기능으로 학습 효과도 좋고, 비용 부담도 없어서 꾸준히 공부할 수 있게 됐습니다. 할인쿠폰 B8290428은 필수!""
더 저렴하게 듀오링고 맥스를 시작하세요!
피클플러스에서 듀오링고 맥스 파티 찾기
할인쿠폰: B8290428
이제 듀오링고 맥스의 매력과 알뜰하게 이용하는 방법까지 모두 아셨으니, 마지막으로 이 모든 정보를 정리하며 현명한 언어 학습을 위한 선택을 강조해볼까요?
마무리: 더 효과적인 언어 학습을 위한 현명한 선택
지금까지 듀오링고 맥스의 AI 기반 학습 기능이 어떻게 여러분의 언어 학습을 혁신할 수 있는지, 그리고 피클플러스를 통한 비용 절감 혜택을 어떻게 누릴 수 있는지 자세히 알아봤어요. 할인쿠폰 B8290428까지 활용하면 정말 알뜰하게 최고의 학습 경험을 시작할 수 있답니다.
듀오링고 맥스는 단순한 언어 앱이 아니라, 여러분의 언어 학습 여정을 함께할 든든한 AI 튜터이자 파트너가 되어줄 거예요.
현명한 언어 학습, 지금 바로 시작!
듀오링고 맥스와 피클플러스로 스마트하게 언어를 정복하세요. 최고의 학습 경험과 합리적인 비용을 동시에!
혹시 아직 궁금한 점이 남아있으시다면, 다음 '자주 묻는 질문' 섹션에서 궁금증을 해결해 보세요!
자주 묻는 질문 (FAQ)
Q1. 듀오링고 맥스는 무엇인가요?
듀오링고 맥스는 언어 학습 앱 듀오링고의 프리미엄 구독 서비스로, AI 기반의 혁신적인 기능들을 통해 사용자에게 몰입감 있는 학습 경험을 제공합니다. 기존 듀오링고의 장점에 AI 튜터 기능을 더해 학습 효과를 극대화합니다.
Q2. 듀오링고 맥스의 주요 AI 기능은 무엇인가요?
'역할극(Roleplay)' 기능으로 AI와 실제 대화처럼 연습하며 회화 능력을 키울 수 있습니다. 또한, '내 답변 설명(Explain My Answer)' 기능은 틀린 문제에 대한 AI의 상세한 설명을 제공하여 학습자가 오류를 명확히 이해하고 개선할 수 있도록 돕습니다. 이 외에도 무제한 하트, 광고 없는 학습 환경 등 다양한 프리미엄 혜택이 포함됩니다.
Q3. 듀오링고 맥스를 저렴하게 이용하는 가장 좋은 방법은?
가장 현명한 방법은 피클플러스와 같은 파티원 모집 플랫폼을 활용하는 것입니다. 피클플러스를 통해 정가보다 훨씬 저렴하게 구독할 수 있으며, 파티에 참여하거나 직접 생성하여 비용을 절감할 수 있습니다. 특히 할인쿠폰 B8290428을 적용하면 추가 할인 혜택까지 받을 수 있어 매우 경제적입니다.
Q4. 피클플러스는 듀오링고 맥스 외 다른 서비스도 지원하나요?
네, 피클플러스는 듀오링고 맥스 외에도 넷플릭스, 유튜브 프리미엄, 티빙, 왓챠, 웨이브, 디즈니+, 멜론, 플로, 윌라 등 다양한 디지털 구독 서비스를 함께 이용할 파티원을 찾아주는 플랫폼입니다. 하나의 플랫폼에서 여러 구독 서비스를 관리하며 비용을 절감할 수 있어 매우 편리합니다.
Q5. 듀오링고 맥스 구독 시 어떤 점을 고려해야 하나요?
듀오링고 맥스는 AI 기능을 통해 개인 맞춤형 학습을 제공하므로, 꾸준히 학습한다면 일반 버전보다 훨씬 빠른 언어 능력 향상을 기대할 수 있습니다. 장기적인 학습 계획이 있다면 피클플러스를 통한 장기 구독을 고려하여 비용 효율을 높이는 것이 좋습니다. 또한, AI와의 상호작용을 통해 실전 회화 능력을 키우고 싶은 분들에게 특히 추천합니다.
듀오링고 맥스, 궁금증 해결되셨나요?
더 자세한 정보와 할인은 피클플러스에서 확인하세요!
할인쿠폰 코드: B8290428
좋아요공감
공유하기
게시글 관리
구독하기"
"notes3645 님의 블로그
notes3645.tistory.com›ai스모크max드라이버-사용해보셨나요",https://notes3645.tistory.com/entry/ai%EC%8A%A4%EB%AA%A8%ED%81%ACmax%EB%93%9C%EB%9D%BC%EC%9D%B4%EB%B2%84-%EC%82%AC%EC%9A%A9%ED%95%B4%EB%B3%B4%EC%85%A8%EB%82%98%EC%9A%94,tistory,maxai,blog,2026-01-18T15:32:33.203121,"⚠️ 이 포스팅은 쿠팡 파트너스 활동의 일환으로 수수료를 지급받습니다
  🔥 최저가 보러가기 🔥
ai스모크max드라이버 특징
✅ 최저가 확인하기
ai스모크max드라이버의 주요 특징과 상세 스펙을 확인하세요.
작년형 AI 스모크 맥스 드라이버는 최상의 비거리와 정확성을 제시하는 혁신적 골프 클럽입니다.
주요 특징
캘러웨이 Ai 스모크 맥스 드라이버는 AI 기술을 바탕으로 설계되어 비거리와 방향성을 극대화했습니다. 특히, 10.5도 로프트와 TENSEI 50-S 샤프트가 특징으로, 다양한 플레이 스타일에 맞춤형 퍼포먼스를 제공합니다. 높은 기대감을 주는 4점의 별점(⭐)은 제품의 품질을 보증합니다.
💡 상품 상세 정보 보러 가기
상품 스펙
항목 세부 스펙
상품명 캘러웨이 Ai 스모크 맥스 드라이버 작년/병행/AS보증/ASIA스펙
판매가 가격 정보 확인 필요
로프트 10.5도
샤프트 TENSEI 50-S
AS 보증 정품 AS 보증
평점 ⭐4 (리뷰 수 미제공)
이 상품이 마음에 드신다면 여기를 클릭하여 자세한 정보를 확인하세요.
실제 사용자 리뷰 분석
✅ 최저가 확인하기
ai스모크max드라이버의 멋진 디자인을 보다!
여러분, 이런 상황을 겪어보신 적 있으신가요? 골프장을 나서면 매번 통쾌하게 퍼팅이 들어간 것 같은 기분, 하지만 드라이버샷에서 아쉬움이 남는다고요?
상품 사용 경험
저도 얼마 전까지 그런 기분을 느끼고 있었습니다. 그때 알게 된 것이 바로 캘러웨이 패러다임 AI SMOKE MAX 드라이버입니다. 단순한 드라이버가 아니라, 진정한 내 손의 연장처럼 느껴지는 아이템이죠.
주요 장점
정확한 타격감 - 이 드라이버를 사용한 뒤로 각타를 깨닫게 되었어요. 뚝 떨어지는 공이 아닌, 멀리 나가는 공을 쳐보고 싶다면 이 드라이버를 꼭 시도해보세요.
세련된 디자인 - 골프는 멋도 중요한 종목이잖아요? 이 드라이버는 유광으로 세련된 느낌을 주는데, 친구들이 좋은 드라이버 쓰는 것 같이 보이더라고요!
탁월한 내구성 - 긴 시간이 지나도 변형 없이 잘 쓰이고 있어요. 비 오는 날에도 걱정 없이 사용할 수 있다는 점도 매력적이에요.
활용 방법
이 제품을 아래와 같은 방법으로 활용해보세요:
골프 연습장 - 매주 일요일 연습장에서 배운 스윙을 활용해보세요. 그 느낌이 상쾌할 거예요!
실전 라운딩 - 친구들과의 라운드에서 자랑해보세요. 여러분의 드라이버로 멀리 가는 타격에 놀랄 거예요.
드라이버 관리 팁 - 드라이버 보호필름도 함께 구매해 안전하게 관리해보세요. 더 오래 사용할 수 있도록 도와줍니다.
지금 상품을 할인된 가격으로 만나보세요! 골프의 재미를 한층 더해줄 ai스모크max드라이버를 통해 즐거운 라운드 경험을 시작해보세요!
다양한 활용 사례 소개
✅ 최저가 확인하기
캘러웨이 여성용 패러다임 AI스모크 맥스패스트 드라이버의 주요 특징과 사용법을 한눈에 확인하세요.
이 상품의 핵심 특징을 확인해보세요!
상품 특징
11.5도 로프트 - 다양한 샷을 가능하게 해주는 로프트로 초보자부터 숙련자까지 사랑받는 드라이버입니다.
AI 기술 적용 - 인공지능 기반의 설계로 비거리와 정확성을 극대화하여 최상의 퍼포먼스를 제공합니다.
경량 디자인 - 여성용 맞춤 제작으로 가벼우면서도 강력한 성능을 발휘합니다.
사용 방법
공을 정확히 정렬하세요 - 드라이버는 매번 정확한 정렬이 필요하므로 공을 중앙에 놓아주세요.
스윙 연습을 하세요 - 부드러운 스윙을 통해 최대한의 비거리를 내는 연습을 하세요.
샷 결과를 분석하세요 - 샷 후 공이 날아가는 방향과 비거리를 체크하여 향후 개선점을 찾습니다.
💡 상품 상세 정보 보러 가기
활용 팁
정기적인 클럽 유지 보수 - 드라이버를 오랫동안 사용하기 위해 정기적으로 청소하고 점검하세요.
코스별 전략 세우기 - 각 코스의 특성을 이해하고 이에 맞는 클럽 사용법을 고민하세요.
레슨 받기 - 전문가에게 레슨을 받아 스윙 기술을 개선하면 더욱 효과적으로 사용할 수 있습니다.
지금 상품을 할인된 가격으로 만나보세요!
구매 전 체크 포인트
✅ 최저가 확인하기
ai스모크max드라이버로 이런 고민을 해결할 수 있습니다.
스윙의 일관성을 잃어 고민이신가요?
실제 사용자의 경험담: ""ai스모크max드라이버 덕분에 스윙의 일관성이 생기고 비거리가 늘었어요!""
자주 겪는 문제들

1. 스윙의 불안정성 - 스윙을 할 때마다 방향성과 비거리가 다르게 나오는 경우가 많습니다.

2. 비거리 부족 - 드라이버로 멀리 치고 싶지만, 항상 비거리가 아쉽다고 느끼는 분들이 많습니다.

3. 클럽 선택의 어려움 - 다양한 드라이버 중 어떤 클럽이 자신에게 맞는지 판단하기 힘든 경우입니다.
해결 방법

1. ai스모크max드라이버의 경량 설계 - 이 드라이버는 가벼운 소재로 제작되어 스윙 시 부담이 줄어듭니다, 덕분에 더욱 일관된 스윙을 할 수 있습니다.

2. 최적의 로프트 각도 - 10.5도의 로프트 각도는 더 나은 발사각과 비거리를 제공합니다, 공이 더 멀리 날아가고 정확하게 떨어질 수 있도록 돕습니다.

3. 사용자 맞춤 설계 - 캘러웨이의 기술은 다양한 플레이어의 스타일을 고려하여 설계되었습니다, 자신에게 맞는 완벽한 드라이버를 찾을 수 있습니다.
지금 상품을 할인된 가격으로 만나보세요!
앞으로의 발전 방향
✅ 최저가 확인하기
작년 패러다임 Ai SMOKE 맥스 드라이버의 주요 특징과 상세 스펙을 확인하세요.
가장 중요한 핵심 정보는 혁신적인 기술을 바탕으로 앞으로의 발전 가능성이 무궁무진하다는 점입니다.
주요 특징
저는 최근에 작년 패러다임 Ai SMOKE 맥스 드라이버를 사용해보았는데, 그 성능은 제 기대를 뛰어넘었습니다. 어떤 골프채는 마치 사용자가 직접 조정하지 않아도 최적의 샷을 날릴 수 있도록 도와주는 기분이었죠. 이 드라이버는 AI 기반 설계로 공을 보다 정확하게 날릴 수 있도록 지원합니다. 리뷰를 보면 ""거리가 늘어나고 방향성이 좋아졌다""는 의견이 많아서, 제 경험에도 일치하더군요.

특히, 간결한 헤드 디자인과 경량 구조 덕분에 스윙 시의 부드러움이 더욱 느껴지는 것 같습니다. 한 사용자도 “스윙이 훨씬 편안해졌다”고 언급했으며, 저 역시 그 변화에 큰 만족을 느꼈어요.
상품 스펙
항목 세부 스펙
상품명 작년 패러다임 Ai SMOKE 맥스 드라이버
판매가 정가: 1,200,000원 (할인 없음)
드라이버 타입 남성용
로프트 각도 9도
평점 ⭐5.0 (250개 리뷰)
이 드라이버가 마음에 드신다면 여기를 클릭하여 자세한 정보를 확인하세요.
이 포스팅은 쿠팡 파트너스 활동의 일환으로 수수료를 지급 받습니다.
등록된 상품은 추후 변경될 수 있으며, 실제 상품 정보와 다를 수 있습니다.
구매 시 쿠팡 사이트의 상품 정보를 반드시 확인하시기 바랍니다.
삭제 문의 : kjp739999@gmail.com
좋아요공감
공유하기
게시글 관리
구독하기"
"상크미3
xptmxj20999.tistory.com",https://xptmxj20999.tistory.com/entry/%EC%9D%B4%EC%8A%A4%ED%8A%B8%EB%9D%BC-120Hz-AI-%EB%A7%A5%EC%8A%A4-139cm-55%EC%9D%B8%EC%B9%98-QLED-%EA%B5%AC%EA%B8%80-50-%EC%8A%A4%EB%A7%88%ED%8A%B8TV-%EB%A6%AC%EB%B7%B0-%EA%B0%80%EA%B2%A9-%EB%B8%8C%EB%9E%9C%EB%93%9C%EB%B3%84-%EC%B6%94%EC%B2%9C%EC%A0%9C%ED%92%88-%EB%B9%84%EA%B5%90-%EC%9D%B4%EC%8A%A4%ED%8A%B8%EB%9D%BC-4K-UHD-QLED-120Hz-AI-%EB%A7%A5%EC%8A%A4-%EA%B5%AC%EA%B8%80-50-%EC%8A%A4%EB%A7%88%ED%8A%B8TV-139cm55%EC%9D%B8%EC%B9%98-AU557QLED-%EC%8A%A4%ED%83%A0%EB%93%9C%ED%98%95-%EA%B3%A0%EA%B0%9D%EC%A7%81%EC%A0%91%EC%84%A4%EC%B9%98,tistory,maxai,blog,2026-01-18T15:32:33.203121,"이스트라 120Hz AI 맥스 139cm (55인치) QLED 구글 5.0 스마트TV 제품소개
이스트라 4K UHD QLED 120Hz AI 맥스 구글 5.0 스마트TV, 139cm(55인치), AU557QLED, 스탠드형, 고객직접설치
가격 : 539,000원
▼▼▼▼ 상품 바로가기 하단 [버튼클릭] ▼▼▼▼
안녕하세요. 이스트라 4K UHD QLED 120Hz AI 맥스 구글 5.0 스마트TV, 139cm(55인치), AU557QLED, 스탠드형, 고객직접설치 상품을 소개드립니다.
이스트라 4K UHD QLED 120Hz AI 맥스 구글 5.0 스마트TV 소개
현대 가정에서 TV는 단순한 오락 기기를 넘어 삶의 중요한 부분으로 자리잡고 있습니다. 이스트라의 4K UHD QLED 120Hz AI 맥스 구글 5.0 스마트TV는 탁월한 화질과 최신 기술로 당신의 시청 경험을 혁신적으로 변화시킵니다. 이 제품은 139cm(55인치) 크기로 모든 공간에 완벽히 어울리며, 고객이 직접 설치할 수 있는 편리함까지 제공합니다.
  제품의 주요 기능과 특징
이 TV는 다음과 같은 기능을 제공합니다:
4K UHD 해상도: 선명하고 생생한 화질로, 영화 관람과 게임 플레이를 더욱 몰입감 있게 만들어 줍니다.
QLED 패널: 뛰어난 색 재현과 명암비로 다양한 장르의 콘텐츠에서 최상의 시청 경험을 제공합니다.
120Hz 주사율: 빠르게 움직이는 장면에서도 잔상 없이 부드러운 화면 전환을 가능하게 합니다.
AI 맥스 기술: 스마트 역량을 강화하여 사용자 맞춤형 콘텐츠 추천과 손쉬운 조작을 지원합니다.
구글 스마트TV OS 5.0: 다양한 앱과 서비스에 접근 가능하며, 음성 인식 기능을 통해 편리한 조작이 가능합니다.
  왜 이 제품이 필요한가?
현대 사회에서 TV는 단순히 영화를 보는 것 이상의 역할을 합니다. 다양한 매체와 플랫폼을 통해 소통하고 다양한 콘텐츠를 소비하는 시대에, 고품질의 화면과 인터페이스는 필수적입니다. 이스트라 TV는 그런 요구를 충족시키며, 최고 수준의 영상 기술과 사용자 편의성을 제공합니다.
  기술적 중요성
이 TV는 최신 QLED 기술의 장점을 최대한 활용하여 색상과 밝기를 극대화합니다. 120Hz의 주사율은 빠른 액션을 요구하는 스포츠나 게임 콘텐츠에서 모습을 선명하게 보여줄 수 있어, 모든 장르의 시청 경험을 향상시킵니다. 또한, AI 기능은 사용자의 취향을 학습하여 맞춤형 콘텐츠를 제공함으로써 더욱 개인화된 경험을 제공합니다.
  자주 묻는 질문(FAQ)
Q1: 이 TV는 설치가 어렵나요?
A1: 고객이 직접 설치할 수 있도록 사용자 친화적인 설치 가이드를 제공합니다. 간단한 절차로 누구나 쉽게 설치할 수 있습니다.
Q2: 어떤 앱을 사용할 수 있나요?
A2: 구글 스마트TV OS를 통해 넷플릭스, 유튜브, 디즈니+, 다양한 OTT 플랫폼을 지원합니다.
Q3: QLED 기술이란 무엇인가요?
A3: QLED는 퀀텀 도트 기술을 기반으로 한 패널로, 색상과 밝기를 극대화하여 선명한 화질을 제공합니다.
Q4: AI 맥스 기능은 어떻게 작동하나요?
A4: 이 기능은 사용자의 시청 패턴을 분석하여 맞춤형 콘텐츠를 추천하며, 음성 인식 기능으로 편리한 조작이 가능합니다.
Q5: 화면 크기는 어떻게 되나요?
A5: 이스트라 TV는 55인치(139cm) 크기로, 다양한 공간에 적합하게 배치할 수 있습니다.
  결론
이스트라 4K UHD QLED 120Hz AI 맥스 구글 5.0 스마트TV는 현대적인 시청 경험을 제공하기 위해 설계되었습니다. 고화질 화면, 사용자 맞춤형 AI 기능, 설치의 용이함 등 다양한 장점이 결합되어 모든 가정에 적합한 솔루션입니다. 새로운 차원의 엔터테인먼트를 경험해 보세요.
가장 인기 있는 제품들을 모두 모아보았습니다. 가격과 리뷰정보를 모두 비교해서 구매하시길 권장합니다.
이스트라 120Hz AI 맥스 139cm (55인치) QLED 구글 5.0 스마트TV 관련제품
이스트라 120Hz AI 맥스 139cm (55인치) QLED 구글 5.0 스마트TV 관련제품 5가지를 비교해서 구매하세요.
베스트셀러 1위
이스트라 4K UHD QLED 120Hz AI 맥스 구글 5.0 스마트TV, 139cm(55인치), AU557QLED, 스탠드형, 고객직접설치
▼▼▼▼ 상품 바로가기 하단 [버튼클릭] ▼▼▼▼
가격 : 539,000원
평점 : ★★★★
후기정보(331)
베스트셀러 2위
25년형 신제품 5년무상AS 이스트라 120Hz AI 맥스 43 QLED 구글 5.0 스마트TV AU437QLED, 자가설치(택배수령), 방문설치, 스탠드형, 43인치
▼▼▼▼ 상품 바로가기 하단 [버튼클릭] ▼▼▼▼
가격 : 359,000원
평점 : ★★★★
후기정보(28)
베스트셀러 3위
25년형 신제품 5년무상AS 이스트라 120Hz AI 맥스 65 UHD 구글 5.0 스마트TV AN657UHD, 스텐드설치(기사방문), 구글 5.0 65 UHD, 방문설치, 스탠드형, 65인치
▼▼▼▼ 상품 바로가기 하단 [버튼클릭] ▼▼▼▼
가격 : 699,000원
평점 : ★★★★
후기정보(29)
베스트셀러 4위
25년형 신제품 5년무상AS 이스트라 120Hz AI 맥스 65 UHD 구글 5.0 스마트TV AN657UHD, 방문설치, 스탠드형, 스탠드형(방문설치), 65인치
▼▼▼▼ 상품 바로가기 하단 [버튼클릭] ▼▼▼▼
가격 : 699,000원
평점 : ★★★★★
후기정보(28)
베스트셀러 5위
25년형 신제품 5년무상AS 이스트라 120Hz AI 맥스 85 UHD 구글 5.0 스마트TV AN857UHD, 스탠드형 설치(기사방문)
▼▼▼▼ 상품 바로가기 하단 [버튼클릭] ▼▼▼▼
가격 : 1,349,000원
평점 : ★★★★★
후기정보(2)
1위 이스트라 4K UHD QLED 120Hz AI 맥스 구글 5.0 스마트TV, 139cm(55인치), AU557QLED, 스탠드형, 고객직접설치. 2위 25년형 신제품 5년무상AS 이스트라 120Hz AI 맥스 43 QLED 구글 5.0 스마트TV AU437QLED, 자가설치(택배수령), 방문설치, 스탠드형, 43인치. 3위 25년형 신제품 5년무상AS 이스트라 120Hz AI 맥스 65 UHD 구글 5.0 스마트TV AN657UHD, 스텐드설치(기사방문), 구글 5.0 65 UHD, 방문설치, 스탠드형, 65인치. 4위 25년형 신제품 5년무상AS 이스트라 120Hz AI 맥스 65 UHD 구글 5.0 스마트TV AN657UHD, 방문설치, 스탠드형, 스탠드형(방문설치), 65인치. 5위 25년형 신제품 5년무상AS 이스트라 120Hz AI 맥스 85 UHD 구글 5.0 스마트TV AN857UHD, 스탠드형 설치(기사방문).

정리하기
사랑받는 것이 행복이 아니라 사랑하는 것이 행복이다 / 헤르만 헤세
긴글을 읽어주셔서 정말 감사합니다. 오늘도 좋은 하루 되세요~!
상표권 및 저작권 위반되는 사항으로 확인될 경우 아래 메일을 통하여 연락바랍니다.

좋아요공감
공유하기
게시글 관리
구독하기
'게시판' 카테고리의 다른 글
LG전자 QNED 86QNED65TBA 올해 인기제품 추천 후기정보, LG전자 4K UHD LED QNED TV, 217cm(86인치), 86QNED65TBA, 벽걸이형, 방문설치  (0) 2025.03.18
더함 삼탠바이미 43인치 스마트 TV 이동형 패키지 추천이유 및 상품 후회없는 구매, 와이드뷰 4K UHD 구글 스마트 TV + 삼탠바이미 이동식 거치대 화이트 세트, 109cm(43인치), GTWV430UHD(TV), EKWBYME38(거치대), 스탠드형, 고객직접설치  (0) 2025.03.17
LG전자 울트라HD 98UT9300KNA 최저가 비교 가성비 좋은 제품 추천, LG전자 4K UHD LED 울트라 TV, 247cm(98인치), 98UT9300KNA, 스탠드형, 방문설치  (0) 2025.03.17
삼성전자 UN32N4010AFXKR 제품 말도 안되는 착한가격 비교, 삼성전자 HD LED TV, 80cm(32인치), UN32N4010AFXKR, 스탠드형, 단순배송상품  (0) 2025.03.17
최신트렌드 이스트라 120Hz AI 맥스 165cm (65인치) QLED 구글 5.0 스마트TV 후기정보 모아보기, 이스트라 4K UHD QLED 120Hz AI 맥스 구글 5.0 스마트TV, 165cm(65인치), AU657QLED, 스탠드형, 방문설치  (0) 2025.03.17"
"일자리잡고
jobgo.tistory.com",https://jobgo.tistory.com/2356,tistory,maxai,blog,2026-01-18T15:32:33.203121,"카테고리 없음
스피킹맥스 완전정복 | 2025 최신 & 리얼 사용기
네이쳐뷰 2025. 7. 23.
목차
“돈버는 영어” 스피킹맥스, 실제 사용자들은 어떤 경험을 했을까? AI회화·페이백·장단점·활용 꿀팁을 이 한편에 담았습니다.
1. 스피킹맥스란?
스피킹맥스는 AI 기반 ‘실시간 발음 교정’과 ‘피드백’, ‘상황별 대화 연습’을 결합한 영어회화 학습 플랫폼입니다.
월 79,900원·24개월 약정
iOS·Android·웹 지원
AI 튜터(PT 코스) + 맥스AI(대화형)
2. 주요 기능 & 페이백 시스템
발음 교정·실시간 피드백:
- AI가 녹음된 사용자 발음을 분석해 ‘정확도’를 점수화.
상황별 대화 연습:
- 여행·비즈니스·일상 등 10여 개 시나리오 제공.
학습 보상(코인 환급):
- 1,000점당 1코인(=1원)
- 레벨별 코인 획득량 차등(레벨1: 75코인→레벨4: 125코인)
- 7일 연속 학습 시 ‘꿀단지’ 보상(최대+400%~1,000% 추가)
- 월 최대 환급액 예시: 레벨2·보라꿀단지 기준 약 63,000원
3. 실제 사용자 후기 비교
후기 유형학습 기간 & 대상장점단점
1년 리얼 후기 1년·초보 직장인 - 꾸준 학습 유도
- 약 3~40만원 환급 - 무지개꿀단지 확률 0회 경험
- 지루함 & 반복 학습
30일 체험 후기 10일·영어 울렁증 해소 희망자 - 울렁증 해소
- 환급금 체감 - 2년 약정 부담, 일상 속 학습 공간 제약
장단점 가이드 초기 사용자 대상 - 실시간 피드백·맞춤 커리큘럼
- 다양한 시나리오 - 인터넷 필수
- 무료버전 기능 제한
AI 대화 몰입 리뷰 비교 리뷰(스픽 vs 맥스AI) - 맥스AI 대화 몰입감↑ - 가격 고가
  4. 핵심 장단점 정리
장점
실시간 피드백으로 잘못된 발음 즉시 교정 → 발음 자신감↑
꾸준 학습 동기: 환급 보상으로 학습 강제화 → 학습 습관 형성
맞춤형 커리큘럼: 레벨·목표별 학습 경로 제공
다양한 상황별 시나리오: 실제 회화 감각 연습
단점
2년 약정 부담: 중도 해지 시 위약금·환불 복잡
무지개꿀단지 확률 낮음: 연 1회도 못 받은 사용자 다수
인터넷 필수: 해외·외부 학습 환경 제약
소음 환경 제약: 녹음 기반 학습이라 ‘말할 공간’ 필요
5. 활용 꿀팁
학습 스케줄러 설정: 매일 고정 시간 학습 → 꿀단지 확률↑
PT 코스 + 맥스AI 병행: 이론+실전 균형
피드백 노트: 잘못된 발음·표현 기록 후 복습
무지개꿀단지 전략: 7일 연속 달성 후 목표 점수 확보
오프라인 다운로드: 이동 중 학습 자료 미리 받아두기
6. 결론: 스피킹맥스, 누구에게 추천?
추천:
- 학습 보상으로 ‘돈버는 재미’ 추가하고 싶은 학습자
- AI 대화 연습으로 실제 회화 자신감 키우려는 분
비추천:
- 가벼운 학습·짧은 약정 선호자
- 오프라인·인터넷 불안정 환경 학습자
“페이백 동기 + AI피드백 = 영어 회화 실력 비약”
다만 2년 약정·인터넷 필수·꿀단지 알고리즘 한계는 사전에 충분히 검토할 것.
도움이
되셨다면
공감 꾹 ~ !
부탁드려요 💖
좋아요3
게시글 관리
구독하기
당신을 위한 추천 콘텐츠
스픽 외에도 써볼만한 AI 영어회화 앱 리스트
toplight.co.kr
지금 바로 확인하기 →
중장년층이 써본 AI 영어회화 내돈내산 후기
toplight.co.kr
지금 바로 확인하기 →
AI 영어회화 어플 후기, 입 열기 어려운 분께 추천
toplight.co.kr
지금 바로 확인하기 →
댓글6
일자리잡고
여러 일자리, 자격증, 교육 정보들을 알아보고자 합니다.
구독하기
비밀글
등록
푸른바다거북이
2025.07.23 17:31 신고
잘 읽고 갑니다.
답글
essay0408
2025.07.24 05:15 신고
네이쳐뷰님 포스팅 잘 보고 가요^^❤️
답글
욜로와요
2025.07.24 12:03 신고
잘 봤어ㅛㅇ~
답글
한달동안
2025.07.25 14:48 신고
잘 봤어ㅛㅇ~
답글
정보왕창
2025.07.26 14:17 신고
잘 봤어요.
답글
잡소
2025.07.29 15:36 신고
네이쳐뷰님 덕분에 좋은 정보를 꼼꼼하게 구경하고 갑니다 ^^
답글"
pseeej.tistory.com,https://pseeej.tistory.com/79,tistory,maxai,blog,2026-01-18T15:32:33.203121,"[Java] Softeer 진정한 효도 (min/max, 그리고 진정한 구린 코드)
문제 링크 : https://softeer.ai/practice/7374
  Softeer - 현대자동차그룹 SW인재확보플랫폼
  softeer.ai
    기록의 이유...
진정한 구린 코드를 보러 오셨나요? 잘 오셨습니다
  사실 이 문제 여러 번 틀렸습니다
이유가 뭐냐... 문제를 잘못 읽었기 때문입니다.
  예시에는 분명 땅을 깎는 것만 나와 있는데,
문제를 다시 읽어보면 땅을 높이는 것도 가능하다 이말입니다
이 허점을 찾으려고 검색하신 분들도 계시겠죠? (제발)
  그리고 하나 애를 먹었던 게...
min/max 값 구하는 게 너무 어려웠습니다
  원래 파이썬에서는 그냥 min(변수명, 여러 개도 가능) 이런 식이었는데 자바는 좀 다르네요
  1. Math.min(a, b) / Math.max(a, b)
두 개의 값을 가지고 비교할 때 사용하면 됩니다.
다만, 두 개 이상의 값은 안됩니다
또한, 변수 안의 값이 list나 array 이런 타입이면 안됩니다.
  2. 그러면 여러 개의 값들 중에서 min/max를 구하고 싶다면?
2-1. max/min 겹쳐서 여러 번 쓰기.
Math.max(Math.max(a, b), c)
2-2. 새로운 배열 만들어서 그 안의 max/min값 구하기
List<Integer> tmpli = Arrays.asList(a, b, c);
max = Collections.max(tmpli);
  ... 정말 최악이네요
파이썬 만세입니다
하지만 익숙해지면 자바가 좋긴 하겠죠?
  근데 정말 보면 볼수록 OOP를 위해서라면 이런 자바나 C#을 사용하는 것이 좋아보이기는 합니다
딱 명확하거든요...
물론 파이썬도 하나의 객체지향 언어라고는 하지만,,,
꼼수 부릴 땐 파이썬이 최고, 정석으로 공부하려면 C/C++/Java가 역시 짱인 것 같네요
  제출 코드 (정답, 지저분함 주의)
import java.io.*;
import java.util.*;

public class Main {

    public static void main(String[] args) {
        Scanner sc = new Scanner(System.in);

        int[][] board = new int[3][3];
        for(int i=0;i<3;i++){
            for(int j=0;j<3;j++){
                board[i][j] = sc.nextInt();
            }
        }


        int cost = 999;
        for(int i=0;i<3;i++){
            // 가로
            int lowest = 999;
            int highest = 0;
            // System.out.println(lowest);
            for(int j=0;j<3;j++){
                lowest = Math.min(lowest, board[i][j]);
                highest = Math.max(highest, board[i][j]);
            }

            int l_tmpcost = 0;
            int h_tmpcost = 0;
            for(int j=0;j<3;j++){
                l_tmpcost += board[i][j] - lowest;
                h_tmpcost += highest - board[i][j];
                
            }
            cost = Math.min(cost, l_tmpcost);
            cost = Math.min(cost, h_tmpcost);

            // 세로
            lowest = 999;
            highest = 0;
            for(int j=0;j<3;j++){
                lowest = Math.min(lowest, board[j][i]);
                highest = Math.max(highest, board[j][i]);
            }

            l_tmpcost = 0;
            h_tmpcost = 0;
            for(int j=0;j<3;j++){
                l_tmpcost += board[j][i] - lowest;
                h_tmpcost += highest - board[j][i];
                
            }
            cost = Math.min(cost, l_tmpcost);
            cost = Math.min(cost, h_tmpcost);
        }

        System.out.println(cost);

    }
}

부끄럽네요..."
commoa1.tistory.com›듀오링고-맥스-AI-학습-효과-피클플러스-할인-꿀팁-완전-정복,https://commoa1.tistory.com/entry/%EB%93%80%EC%98%A4%EB%A7%81%EA%B3%A0-%EB%A7%A5%EC%8A%A4-AI-%ED%95%99%EC%8A%B5-%ED%9A%A8%EA%B3%BC-%ED%94%BC%ED%81%B4%ED%94%8C%EB%9F%AC%EC%8A%A4-%ED%95%A0%EC%9D%B8-%EA%BF%80%ED%8C%81-%EC%99%84%EC%A0%84-%EC%A0%95%EB%B3%B5,tistory,maxai,blog,2026-01-18T15:32:33.203121,"본 포스팅은 파트너스 활동으로 인한 수익금을 지급 받습니다.
https://blog.naver.com/infor-korea
광고
글로벌 비즈니스 ERP 비즈니스 성공을 가속화 확장
산업 맞춤형 클라우드 ERP로 비즈니스 운영을 단순화하는 글로벌 선도기업
http://rncmedia.co.kr
광고
알앤씨미디어
강의저장, 강사추적, 화상회의, 시스템구축 강의에 필요한 모든 서비스를 제공해드립니다.
요즘 교육 분야에서 AI 기술이 큰 화두인데요, 언어 학습 앱 듀오링고도 AI 기반의 '듀오링고 맥스(Duolingo Max)'를 선보였습니다. 단순히 정답만 알려주던 기존 방식에서 벗어나, AI가 제공하는 특별한 구독 혜택으로 언어 학습의 수준을 한 단계 끌어올렸다는 평가를 받고 있어요. 최신 사용자 리뷰를 바탕으로 듀오링고 맥스 구독 혜택과 비용 부담을 덜어줄 저렴하게 이용하는 방법을 자세히 알려드릴게요.
그럼 듀오링고 맥스가 기존 버전과 무엇이 다른지, 그리고 어떤 AI 기능들이 있는지 함께 살펴볼까요?
AI 기반 맞춤형 학습의 핵심 기능
듀오링고 맥스만의 특별한 기능이 궁금하시죠? 가장 큰 장점은 바로 'AI 답변 설명'과 '역할극' 기능입니다. 이 두 가지 핵심 기능이 학습자들이 가장 답답해했던 '왜 틀렸지?'와 '실제로 말해볼 기회'를 모두 해결해 줍니다.
1. AI 답변 설명
오답의 이유를 AI가 문맥에 맞게 자세히 설명해주어, 왜 틀렸는지 정확히 이해하고 넘어갈 수 있게 돕습니다. 이제 단순히 정답만 외우는 학습에서 벗어나, 언어의 규칙과 뉘앙스를 확실히 파악할 수 있어요.
2. 역할극
AI 캐릭터와 실제 대화하는 것처럼 연습할 수 있어, 실전 회화 능력을 키우는 데 매우 효과적입니다. 혼자서도 부담 없이 자유롭게 말해볼 수 있는 최고의 기회죠.
AI가 학습 효율을 극대화해주는 듀오링고 맥스. 하지만 비용 때문에 고민하는 분들도 많으실 텐데요. 다음 섹션에서 구독료 부담을 확 줄이는 꿀팁을 알려드릴게요!
비용 부담 없이 듀오링고 맥스 이용하기
듀오링고 맥스의 뛰어난 기능에 솔깃했지만, 다소 부담스러운 구독료 때문에 망설이는 분들이 많으실 거예요. 최신 사용자들 사이에서 입소문 난 '피클플러스'를 활용하면 이 고민을 한 방에 해결할 수 있습니다. 피클플러스는 OTT 서비스뿐만 아니라 다양한 구독 서비스를 함께 나누어 쓸 수 있는 공유 플랫폼이랍니다.
듀오링고 맥스 구독료 파격 할인 받기
피클플러스를 이용하면 구독료를 얼마나 절약할 수 있는지 직접 비교해볼까요? 듀오링고 맥스 4인 파티에 참여하면, 공식 구독료의 절반 이하로 이용할 수 있습니다.
공식 구독 약 19,000원 개인이 단독으로 구독 시
표 더보기
듀오링고 맥스 구독료를 여러 사람이 함께 부담하면, 공식 가격의 절반 이하로 이용할 수 있어 정말 경제적이에요. 이렇게 합리적인 가격으로 최첨단 언어 학습을 시작해보고 싶지 않으신가요?
피클플러스 이용 방법은?
피클플러스는 단순히 계정을 공유하는 것을 넘어, 파티원을 모집하고 정산하는 복잡한 과정을 플랫폼이 대신 처리해주기 때문에 매우 편리합니다. 파티에 참여하는 것만으로도 비용 절감 효과를 즉시 누릴 수 있죠. 처음 이용하는 분들을 위해 첫 달 수수료 무료 쿠폰을 제공하고 있어, 부담 없이 체험해볼 수 있습니다.
아래 링크로 접속하시면 듀오링고 맥스를 합리적인 가격에 이용할 수 있습니다.
👉 피클플러스에서 듀오링고 맥스 저렴하게 구독하기
심지어 첫 달은 수수료 무료 쿠폰을 적용할 수 있습니다!
쿠폰 코드: B8290428
결론: AI 기술로 완성된 새로운 학습 경험
지금까지 AI 기술로 학습 효율을 높여주는 듀오링고 맥스와 구독료를 절약하는 방법인 피클플러스를 알아보았습니다. AI 답변 설명과 역할극 기능으로 학습의 질을 높이고, 피클플러스를 통해 비용 부담까지 줄여서 정말 스마트하게 언어를 공부할 수 있습니다.
피클플러스를 통해 합리적인 가격으로 최첨단 학습 경험을 시작하고, 언어 학습 목표를 달성해보세요!
자주 묻는 질문 (FAQ)
듀오링고 맥스 이용에 대해 궁금해하는 점들을 모아봤습니다.
듀오링고 맥스만의 특별한 기능은 무엇인가요?
AI 답변 설명과 역할극 기능이 핵심입니다. 오답 시 AI가 문맥에 맞는 상세한 설명을 제공하여 단순히 '왜 틀렸지?'라는 궁금증을 해소하고, AI 캐릭터와 대화하는 역할극을 통해 실전 회화 능력을 키울 수 있습니다. 이 두 가지 AI 기능이 기존 버전과의 가장 큰 차이점입니다.
피클플러스는 어떻게 이용하나요?
피클플러스 웹사이트에 접속해서 듀오링고 맥스 파티에 가입하면 됩니다. 플랫폼이 파티원을 자동으로 연결해주고, 복잡한 결제 및 정산 과정을 관리해주기 때문에 매우 편리합니다. 특히, 첫 달은 수수료 무료 쿠폰을 적용할 수 있으니 부담 없이 시작해보세요!
듀오링고 맥스와 일반 듀오링고 플러스의 차이점은 무엇인가요?
가장 큰 차이는 AI 기능의 유무입니다. 플러스는 광고 제거, 무제한 하트 등 학습 편의성에 초점을 맞춘 반면, 맥스는 AI를 활용해 오답의 이유를 설명하고 역할극을 제공함으로써 능동적인 학습 경험을 제공합니다.
좋아요공감
공유하기
게시글 관리
구독하기"
"it리뷰
bansukdanbi.tistory.com›듀오링고-맥스-AI-학습-효과-극대화-피클플러스-할인-꿀팁-공개",https://bansukdanbi.tistory.com/entry/%EB%93%80%EC%98%A4%EB%A7%81%EA%B3%A0-%EB%A7%A5%EC%8A%A4-AI-%ED%95%99%EC%8A%B5-%ED%9A%A8%EA%B3%BC-%EA%B7%B9%EB%8C%80%ED%99%94-%ED%94%BC%ED%81%B4%ED%94%8C%EB%9F%AC%EC%8A%A4-%ED%95%A0%EC%9D%B8-%EA%BF%80%ED%8C%81-%EA%B3%B5%EA%B0%9C,tistory,maxai,blog,2026-01-18T15:32:33.203121,"듀오링고 맥스: AI 언어 학습의 새로운 시작
언어 학습의 새 지평을 열어줄 듀오링고 맥스에 대해 들어보셨나요? AI 기반의 특별한 혜택과 할인 팁을 활용해서 스마트하게 언어를 마스터할 수 있는 비법을 지금부터 자세히 알려드릴게요!
혹시 여러분은 어떤 언어를 배우고 싶으신가요? 댓글로 공유해주세요!
듀오링고 맥스, 무엇이 특별할까요?
듀오링고 맥스는 AI 기반 학습으로 언어 경험을 한 단계 더 혁신합니다. 기존 듀오링고와는 차원이 다른 특별한 기능들이 여러분의 학습을 더욱 효과적으로 만들어 줄 거예요.
✨ 듀오링고 맥스의 핵심 AI 혜택 ✨
정답 해설: AI가 여러분이 틀린 이유를 상세하게 설명해줘요. 왜 틀렸는지 정확히 알면 다시는 실수하지 않겠죠?
롤플레이: AI 캐릭터와 실전처럼 대화하며 연습할 수 있어요. 실제 상황에서 말하는 것처럼 자신감을 키울 수 있답니다.
슈퍼 듀오링고 혜택: 무제한 하트, 광고 제거 등 슈퍼 듀오링고의 모든 프리미엄 혜택도 기본으로 제공돼요.
최신 사용자 리뷰를 보면, 특히 롤플레이와 정답 해설 기능이 학습에 정말 큰 도움이 된다고 평가하고 있어요. AI와 함께라면 언어 학습이 훨씬 더 재미있고 효율적이겠죠?
듀오링고 맥스 vs. 슈퍼 듀오링고 비교
광고 제거 ✅ ✅
무제한 하트
표 더보기
AI 기능이 추가된 듀오링고 맥스, 정말 매력적이지 않나요? 여러분은 어떤 AI 학습 기능을 가장 기대하시나요?
다음 섹션에서는 이 놀라운 듀오링고 맥스를 더욱 합리적인 가격으로 이용하는 꿀팁을 알려드릴게요! 다른 AI 서비스도 확인해보시는 건 어떠세요?
듀오링고 맥스, 스마트하게 할인받는 팁!
듀오링고 맥스의 놀라운 기능을 합리적인 가격으로 누리고 싶다면, 피클플러스를 활용하는 것이 정말 현명한 선택이에요. 피클플러스는 OTT를 비롯한 다양한 구독 서비스 계정을 안전하게 공유해서 비용을 절감하는 혁신적인 플랫폼이랍니다.
듀오링고 맥스 패밀리 요금제를 여러 명이 함께 공유하면 월 부담을 획기적으로 줄일 수 있어서, 훨씬 저렴하게 AI 기능을 마음껏 이용할 수 있게 돼요.
✨ 피클플러스로 듀오링고 맥스, 이렇게 저렴하게!
많은 분들이 듀오링고 맥스의 강력한 AI 기능에 매력을 느끼지만, 구독료 때문에 망설이는 경우가 많아요. 피클플러스를 이용하면 이런 고민을 깔끔하게 해결할 수 있죠.
""월 만 원 이상 절약해서 부담 없이 공부에 집중할 수 있게 되었다""
실제 사용자들은 이렇게 말하며 만족감을 표현하고 있어요. 패밀리 요금제 공유는 비용 효율을 극대화하는 핵심이에요. 여러 명이 함께 구독료를 나누니, 개인 부담은 줄고 모든 프리미엄 기능을 온전히 누릴 수 있답니다.
✨ 지금 바로 할인받고 시작하세요! ✨
피클플러스 듀오링고 맥스 바로가기
가입 시 할인쿠폰 코드: B8290428 를 꼭 입력하세요!
💰 할인쿠폰 코드, 놓치지 마세요!
피클플러스 가입 시 할인쿠폰 코드: B8290428를 꼭 입력해주세요. 이 코드를 사용하면 추가 할인 혜택까지 받아 듀오링고 맥스를 더욱 부담 없이 경험할 수 있답니다. 언어 학습 열정은 있지만 비용 때문에 망설였다면, 피클플러스의 기회를 놓치지 마세요!
🤝 안전하고 편리한 계정 공유, 피클플러스!
피클플러스는 단순히 비용 절감만을 위한 것이 아니에요. 안전하고 신뢰할 수 있는 계정 공유 환경을 제공해서, 개인 정보 유출이나 계정 문제 걱정 없이 편리하게 서비스를 이용하도록 지원한답니다.
""계정 공유가 불안할까 봐 걱정했는데, 피클플러스는 정말 체계적으로 관리해줘서 안심하고 쓰고 있어요""
이런 후기처럼, 사용자들은 피클플러스의 보안과 편리함에 크게 만족하고 있어요. 여러분은 혹시 구독 서비스 계정 공유 경험이 있으신가요? 어떤 점이 가장 중요하다고 생각하시나요?
이제 피클플러스와 함께라면, 경제적 부담 없이 듀오링고 맥스의 AI 기반 학습 시스템을 통해 언어 실력을 한 단계 업그레이드할 수 있을 거예요. ChatGPT Plus 저렴하게 쓰는 꿀팁처럼 다른 구독 서비스도 피클플러스로 절약해보세요! 지금 바로 접속해서 할인된 가격으로 듀오링고 맥스의 놀라운 세계를 경험해보세요!
AI와 할인으로 언어 마스터의 길을!
듀오링고 맥스는 AI 기반 학습으로 언어 실력을 극대화할 수 있는 정말 강력한 도구예요. 오늘 알려드린 피클플러스와 할인쿠폰 B8290428를 똑똑하게 활용해서 부담 없이 시작하고, 여러분의 언어 마스터 꿈을 꼭 이루시길 바랍니다!
듀오링고 맥스 관련 궁금증, 무엇이든 물어보세요!
Q1. 듀오링고 맥스의 AI 기능, 정말 학습에 도움이 되나요?
네, 최신 리뷰에 따르면 정답 해설과 롤플레이 기능이 특히 학습 효율을 높이는 데 큰 도움이 된다고 해요. AI와의 실제 같은 대화로 자신감을 얻고, 틀린 부분을 즉시 이해하며 개선할 수 있어서 맞춤형 학습 효과가 뛰어나답니다.
핵심: AI 기반의 개인화된 피드백과 실전 연습으로 학습 효과를 극대화할 수 있어요!
Q2. 듀오링고 맥스는 슈퍼 듀오링고와 무엇이 다른가요?
듀오링고 맥스는 슈퍼 듀오링고의 모든 혜택(광고 제거, 무제한 하트 등)에 더해, GPT-4 기반 AI 기능인 '정답 해설'과 '롤플레이'를 추가 제공해서 더욱 심층적인 학습 경험을 선사해요. 쉽게 말해, 슈퍼 듀오링고에 AI 선생님이 더해진 버전이라고 생각하시면 돼요!
Q3. 피클플러스를 통한 할인은 어떻게 적용되나요?
피클플러스는 듀오링고 맥스 패밀리 요금제를 여러 사용자와 공유해서 월 구독료를 절감하는 방식이에요. 가입 시 할인쿠폰 코드(B8290428)를 입력하면 추가 할인이 적용되어 더 저렴하게 이용 가능하답니다.
할인 적용 단계:
피클플러스 웹사이트 접속
듀오링고 맥스 패밀리 요금제 선택
가입 시 'B8290428' 할인쿠폰 코드 입력
할인된 가격으로 듀오링고 맥스 이용 시작!
Q4. 할인쿠폰 코드는 항상 유효한가요?
할인쿠폰은 프로모션 기간에 따라 유효 기간이 달라질 수 있으니, 최신 정보는 피클플러스 웹사이트에서 확인하시거나 가입 시 직접 입력해서 적용 여부를 확인하는 것이 가장 정확해요.
좋아요공감
공유하기
게시글 관리
구독하기
저작자표시 비영리 변경금지"
"테크삼
jhbd443.tistory.com",https://jhbd443.tistory.com/257,tistory,maxai,blog,2026-01-18T15:32:33.203121,"본 포스팅은 파트너스 활동으로 인한 수익금을 지급 받습니다.
요즘 언어 학습에서 가장 핫한 AI 기반 듀오링고 맥스에 대해 들어보셨나요? 🤯 기존 Super 구독을 넘어선 혁신적인 혜택은 물론, 비싼 구독료를 확 아끼는 최적의 절약 팁까지! 지금 바로 확인해서 가장 스마트하게 언어 학습을 시작해보세요.
🔥 가장 합리적인 가격으로 시작할 수 있는 절호의 찬스!
첫 달 수수료 무료 쿠폰(B8290428)을 받고
피클플러스 전용 링크로 접속하세요!
잠깐, AI 기능이 얼마나 좋길래 다들 맥스를 찾는지 궁금하시죠? 맥스가 Super 구독을 뛰어넘는 핵심 기능부터 자세히 파헤쳐 드릴게요!
Super 구독을 뛰어넘는 듀오링고 맥스만의 AI 핵심 기능
듀오링고 맥스의 핵심은 단순한 광고 제거를 넘어 학습 효율을 극대화하는 AI 튜터 기능에 있습니다. 기존 Super가 편리성을 높였다면, 맥스는 원리 이해 기반의 깊이 있는 학습을 가능하게 하는 것이죠.
✨ 맥스가 특별한 이유: AI 튜터 2대장
1. Explain My Answer (답변 설명)
정답 여부에 관계없이 AI가 내가 선택한 답변에 대해 문법적 원리와 이유를 상세히 해설해줍니다. '왜 틀렸는지'를 명확히 이해하며 학습의 깊이를 더할 수 있어요. 단순히 오답 처리만 하는 것과는 차원이 다르죠!
2. Roleplay (역할극)
이 기능이 정말 혁신적이에요. AI 챗봇과 마치 실제 사람처럼 실시간 대화하며 회화 능력을 키울 수 있습니다. 학습 내용을 즉시 실제 상황에 적용하여 자연스러운 발화 능력을 향상시키는 핵심 중의 핵심 기능입니다.
잠깐 질문! 이 좋은 기능을 더 저렴하게 이용할 방법이 없을까요?
네, 물론이죠! 이제 이 혁신적인 AI 튜터를 반값 이하로 만날 수 있는 최저가 구독 비법을 알려드릴게요.
최저가 구독 비법: 피클플러스로 듀오링고 맥스 절반 가격에 이용하는 특급 노하우
듀오링고 맥스의 AI 튜터 혜택이 탐나지만, 공식 정가 구독료(월 약 2만 원 내외)가 부담되시죠? 친구들에게도 적극 추천하는 해답은 바로 안전하고 합법적인 구독 공유 플랫폼인 피클플러스입니다.
핵심은 구독료를 공식가 대비 최대 반값으로 절약하는 것입니다. 아래 전용 링크를 통해 가입하시고, 첫 달 수수료 무료 쿠폰(B8290428)까지 꼭 챙기세요!
🔥 듀오링고 맥스 50% 할인 + 첫 달 수수료 무료 🔥
➡️ 피클플러스 전용 링크로 반값 구독 바로 시작하기 (클릭!)
쿠폰 코드 (자동 적용): B8290428
✅ 피클플러스가 듀오링고 맥스 최저가 비법인 이유
자동 매칭 시스템: 계정 공유 파티원을 직접 모을 필요가 없어요. 피클플러스가 알아서 안전하게 매칭해줍니다.
간편한 정산 관리: 복잡한 돈 관리와 정산 스트레스를 플랫폼이 전부 관리해줘요.
안전성 및 합법성: 먹튀 걱정 없이 구독료를 절감할 수 있는 가장 안전하고 합법적인 방법입니다.
🔥 놓칠 수 없는 특별 할인 혜택: 첫 달 수수료 무료 쿠폰
구독을 결심했다면 이 혜택을 놓칠 수 없겠죠? 위에 명시된 피클플러스 전용 링크를 통해 가입하면 첫 달 수수료가 자동으로 무료 적용됩니다. 혹시 자동 적용이 안 될 경우, 가입 시 B8290428 코드를 직접 입력하면 끝! 이 단 한 번의 기회로 듀오링고 맥스를 가장 저렴하게 시작해 보세요!
구독 전 궁금증 해소: 듀오링고 맥스 & 피클플러스 Q&A
Q1. 듀오링고 맥스 구독, 공식가보다 더 저렴하게 이용하는 꿀팁이 있나요?
A. 네, 있습니다! 가장 합리적인 방법은 구독 공유 플랫폼 피클플러스를 활용하는 것입니다. 공식 홈페이지 가격 대비 획기적인 비용 절감이 가능해요. 특히, 이 전용 링크를 통해 가입하시면 첫 달 수수료 면제(쿠폰 코드 B8290428) 혜택까지 받아 최저가로 시작하실 수 있습니다.
Q2. 듀오링고 맥스와 Super 구독의 가장 큰 차이점은 뭔가요?
A. Super가 무제한 하트, 광고 제거 등 기본적인 편의 기능을 제공한다면, 맥스는 AI 학습 기능을 통해 학습 효과를 극대화하는 것이 가장 큰 차이예요. 맥스의 핵심 AI 기능은 Q1에서 설명드렸던 Explain My Answer와 Roleplay(역할극)입니다.
Q3. 피클플러스를 통한 듀오링고 맥스 계정 공유는 안전하고 합법적인가요?
A. 매우 안전하며 합법적인 중개 플랫폼입니다. 피클플러스는 사용자의 개인 정보 노출이나 결제 관련 위험 없이 안전하게 계정 관리 및 정산을 대행해줘요. 복잡한 파티원 모집, 정산, 먹튀 걱정 없이 안심하고 지금 바로 가입하여 혜택을 누리실 수 있습니다.
혁신적인 학습과 놀라운 절약, 두 마리 토끼를 모두 잡아보세요!
결론적으로, 듀오링고 맥스의 AI 기능은 여러분의 언어 학습의 질을 혁신적으로 높여줄 거예요. 그리고 이 놀라운 경험을 저렴하게 이용하는 법은 피클플러스 공유를 활용하는 것입니다.
🚀 마지막으로, 바로 시작하실 준비가 되셨나요?
이 링크와 첫달 수수료 무료 쿠폰(B8290428)을 통해 최저가로 스마트한 AI 학습을 시작하는 것이 바로 핵심입니다!
요약: 최저가 AI 학습의 완성은 피클플러스입니다. 지금 바로 효율적인 듀오링고 맥스 경험을 시작하세요!
좋아요공감
공유하기
게시글 관리
구독하기"
ngcbbs.tistory.com›Claudeai-Pro-및-Max-플랜-비교-및-잡담,https://ngcbbs.tistory.com/entry/Claudeai-Pro-%EB%B0%8F-Max-%ED%94%8C%EB%9E%9C-%EB%B9%84%EA%B5%90-%EB%B0%8F-%EC%9E%A1%EB%8B%B4,tistory,maxai,blog,2026-01-18T15:32:33.203121,"Claude.ai Pro 및 Max 플랜 비교
기능 Pro Max (5x) Max (20x)
월 가격 $20 $100 $200
사용량   Pro 대비 5배 Pro 대비 20배
메시지 한도 (5시간 기준) 약 45개 약 225개 약 900개
우선 처리 - 높음 매우 높음
최신 기능 및 모델 우선 접근 - O O
API 접근 시 비율 한도 표준 상당히 높음 매우 높음
적합한 사용자 일반 사용자 Claude를 자주 사용하는 사용자 Claude를 거의 매일 다양한 업무에 사용하는 사용자
  참고:
메시지 수는 메시지 길이, 첨부 파일 크기, 대화 길이에 따라 달라질 수 있습니다.
Claude Pro의 정확한 메시지 한도는 공개되어 있지 않지만, Max 플랜과 비교하여 상대적으로 적습니다.
Max 플랜은 두 가지 티어로 제공되며, 사용량에 따라 선택할 수 있습니다.
결론:
Claude Max 플랜은 Pro 플랜에 비해 훨씬 높은 사용량과 우선 처리 기능을 제공하여, Claude를 업무에 많이 활용하는 사용자에게 적합합니다. 특히 Max (20x) 플랜은 매우 높은 사용량을 요구하는 전문 사용자에게 유용할 것입니다.
  잡담:
일단, Pro 에서 추가(?)된 프로젝트 개념은 나름 괜찮았음.
프로젝트에는 지식 이라는 카테고리가 있고 ai 의 롤 및 알고 있어야 하는 사항들을 올릴 공간이 존재함
ai에 지정한 롤에 맞는 응답을 생성하며, 지식에 있는 내용을 이해하는 것 같음.
MCP 사용에 대한 경험
Claude 데스크톱에 filesystem 에 접근 할 수 있도록 설정하고 사용해보니 매우 편리함
프롬프트를 통해 MCP 서버가 제공하는 시스템에 명령을 내릴 수 있음
대량의 작업을 처리하기에 매우 적합
MCP 의 부정적 경험
파일 작업 후 처리가 완료되지 않고 메세지 컨텍스트(?) 한도가 넘는 경우 자주 마지막 작업을 제대로 마무리 하지 않음.
내부 로그로 보이는 완료 했다는 로그가 나오지만 실제 파일이 저장되거나 하지 않음. (MCP filesystem 서버 내에서 요청 처리중 서버내에서 오류가 생긴건가 싶음)
MCP 사용 후 나름 큰 규모 프로젝트 관련 계획을 세우고 세부 문서 및 셈플 작업을 해보는중...
경험에 기반해 현재 Pro 요금제 보다는 Max(x5) 정도면 거의 풀타임? ai의 클릭봇 하는 체험을 할 수 있을것으로 기대됨.
MCP 접근 권한 설정 및 대화 중간에 멈춘경우 계속하기를 클리하고 있게됨. (Pro 요금 사용량 전부를 소진하는데 대략 1시간30분에서 2시간 사이)
생성된 내용을 살펴 보기도 하지만... 아하하"
한글 입력기,https://search.naver.com/search.naver?where=web&query=site%3Atistory.com%20%EC%8A%A4%ED%94%BC%ED%82%B9%EB%A7%A5%EC%8A%A4#,tistory,maxai,blog,2026-01-18T15:32:33.203121,
sell-pell93785.tistory.com,https://sell-pell93785.tistory.com/6,tistory,maxai,blog,2026-01-18T15:32:33.203121,"학교 다닐 때는 
영어 성적이 나쁘지 않았어요.
그래서 영어만큼은 자신 있다고 생각했죠.
그런데 막상 사회에 나와서 
외국인과 대화할 일이 생기니
머릿속에 단어는 떠오르는데 
말로 잘 나오지 않더라고요.
듣기는 조금 되지만 말하기가 막히니까 
점점 자신감이 떨어졌어요.
  대화 중심 학습이 필요하다는
생각이 들었고 찾아보다가 알게 된 게 
바로 스피킹맥스 프로그램이에요.
    스피킹맥스는 교재식 공부가 아닌
실전 영어회화에 초점을 맞춘 
프로그램이라 실력변화가 눈에 보여요.
  무려 17개국 49개 도시의 
원어민이 실제로 사용하는 
영어를 담았다고 하니
여행하면서 배우는 기분이 들어
더 재밌게 공부할 수 있었습니다.
  지루할 틈이 없어서
매일 조금씩이라도 
로그인해서 학습하는 습관이 생겼어요.
    저를 더 끌어당긴 건 바로 돈버는영어라는
신박한 개념의 학습 방법이었습니다.
  영어 공부를 하면서 코인을 모으고,
그 코인을 현금처럼 
쓸 수 있다는 점이 신기했죠.
보통은 돈을 내고 공부하는데
여기는 공부한 만큼 보상까지 있으니
스스로 동기부여가 되는 거예요.
  저도 꾸준히 하면서 코인이 쌓이는 걸 보니까
투자한 만큼 돌려받는다는게 실감되더라고요.
    코인을 모으는 방법도 다양했어요.
하루 학습량을 채우면 기본 코인 지급!
캐릭터를 구매하면 학습량이 늘어나 코인도 증가!
7일 연속 학습하면 ‘꿀단지’라는
보너스 아이템 제공!
한두가지가 아니라
보상이 여러 종류라서
더욱 하고 싶은 마음이 생깁니다.
  특히 이 꿀단지가 랜덤으로 주어지는데
생각보다 보상이 커서 
매일 기대하게 되더라고요.
게임처럼 재미있게 학습하고 
푸짐한 보상까지 챙기니
공부할 맛이 납니다.
    영어 실력도 눈에 띄게 좋아진듯 해요.
비주얼 피드백 시스템으로
제가 발음한 문장을 즉시 비교해주니까
교재만 보던 때와는 달리 
실질적으로 발음이나 문법 교정이 가능했습니다.
  특히 15,000개 이상의 
필수 문장을 따라 말하다 보니
훨씬 자연스럽게 표현들이 나오더라고요.
출퇴근길에 가볍게 공부하는데
실력은 꾸준히 늘고 있어요.
    가격 부분도 많이들 궁금해하시죠.
시기마다 프로모션이 달라서
정확한 금액은,
공식 고객센터(1644-0549)를 통해
상담받는 게 가장 확실합니다.
  저 역시 상담을 통해
자세한 안내를 받았는데요.
생각보다 혜택이 다양하고
조건도 만족스러웠습니다.
스피킹맥스 해지방법이나
렌탈이라 위약금 같은게 없는지도
자세하게 상담했는데
오히려 조건이 워낙 괜찮다 보니
스피킹맥스 해지방법에 대한
불필요한 걱정을 할 필요가 없었어요.
    많은 분들이 궁금해하는 게
바로 스피킹맥스 해지방법일텐데요.
저도 처음엔 혹시라도
복잡하지 않을까 걱정했는데요.
막상 알아보니 불필요한 부담이 전혀 없었습니다.
무엇보다 커리큘럼 자체가 워낙 탄탄하다 보니
중간에 해지를 고려할 필요가 없더라고요.
  왕초보도 도전할 수 있고
실력파들은 더 실력을 키울 수 있게 
다양한 프로그램이 준비되어 있어
꾸준히 할 수 있어 너무 만족하고 있습니다.
    스피킹맥스 해지방법이나 위약금도
확실하게 설명을 들었더니
일단 시작해보자는 생각이 들더라고요.
  애매하게 넘어가는 게 아니라
처음부터 조건을 명확히 알려주니
신뢰가 생기더라고요.
가격 자체보다 중요한 건
투자한 만큼 영어 실력과 보상으로
충분히 돌려받을 수 있다는
확신이 생긴다는 점이었죠.
  결국 걱정보다 중요한 건
꾸준히 학습할 수 있는 환경이었고,
저는 그 부분에서 충분히 만족했어요.
    제가 직접 경험해 본
스피킹맥스! 후기를 정리해보면,
  첫째, 현지 원어민 회화를
영상으로 생생하게 배우기 때문에
현지에서 배우는 기분이다.
  둘째, 공부한 만큼 보상을 받는
특별한 시스템이라 재밌다.
매일 학습할 이유가
자연스럽게 생기니까요!
  셋째, 
스피킹맥스 해지방법이나 
위약금 걱정없음!
기초부터 탄탄해지는 영어공부를
꾸준히 하면서 실력을 쌓을 수 있다는 점이
아주 마음에 들었습니다.
    영어공부를 하고 싶은데
작심삼일로 끝나는 분들, 정말 많으시죠?
저도 늘 시작은 거창했지만
꾸준히 이어간 적은 거의 없었는데요.
  스피킹맥스는 달랐습니다.
하루 20~30분만 투자해도
회화 실력을 키울 수 있고,
그 과정에서 코인까지 쌓이는 구조라
정말 효율적이라 자꾸 공부하고 싶어요.
실패할 수 없는 영어공부하고 싶다면
이거에요!
  스피킹맥스 공식 홈페이지에서
자세한 내용 확인해 보세요!
    https://speakingmax.com/ev/?t=mst
  좋아요1
공유하기
게시글 관리
구독하기
'생활정보및후기' 카테고리의 다른 글
연말정산 소득공제 구간 제대로 보상플랫폼 RF 알아  (0) 2026.01.14"
speakingmax.tistory.com›스피킹맥스-돈버는영어-1년-내돈내산-솔직-후기-영어-인강-어플-추천-이유,https://speakingmax.tistory.com/entry/%EC%8A%A4%ED%94%BC%ED%82%B9%EB%A7%A5%EC%8A%A4-%EB%8F%88%EB%B2%84%EB%8A%94%EC%98%81%EC%96%B4-1%EB%85%84-%EB%82%B4%EB%8F%88%EB%82%B4%EC%82%B0-%EC%86%94%EC%A7%81-%ED%9B%84%EA%B8%B0-%EC%98%81%EC%96%B4-%EC%9D%B8%EA%B0%95-%EC%96%B4%ED%94%8C-%EC%B6%94%EC%B2%9C-%EC%9D%B4%EC%9C%A0,tistory,maxai,blog,2026-01-18T15:32:33.203121,"스피킹맥스 돈버는영어 우수 학습자의 1년 사용 후기를 통해
여러분의 영어 고민을 해결해보세요 :)
    영어공부는 늘 해야 한다고 생각하면서도
막상 시작하면 금방 흐지부지되는 게 현실이죠.
저도 그런 사람이었어요.
영어회화 어플이나 영어인강은 정말 많이 깔아봤지만
며칠 하다가 금세 지쳐서 삭제하기를 반복했어요.

그런데 우연히 광고로 본 스피킹맥스 돈버는영어는 이름부터 좀 달랐어요.
“공부하면서 돈을 번다?” 처음엔 솔직히 반신반의했죠.
근데 막상 써보니, 진짜 이건 꾸준함을 만들어주는 영어인강이더라고요.
  💡 ‘돈버는영어’ 시스템, 진짜 효과 있나요?
결론부터 말하자면 있어요. 진짜로요.
스피킹맥스 돈버는영어는 일정 기간 동안 매일 학습을 달성하면
‘꿀단지’라는 보상이 쌓이고,
그걸 나중에 환급 형태로 돌려받는 구조예요.
처음엔 ‘설마 이런 게 가능해?’ 했는데,
막상 해보니까 하루라도 안 하면 아깝다는 생각이 들더라고요.
이게 단순히 돈 때문만이 아니라,
내가 공부를 계속 이어가고 있다는 성취감이 커요.
이전에는 영어인강을 들어도 꾸준히 못 했는데,
이건 스스로 동기부여가 되니까
매일 15분이라도 하게 되는 거예요.
결국 그게 영어실력으로 쌓이더라고요.
      📱 영어회화 어플 중에 가장 현실적인 구성
스피킹맥스 돈버는영어는 단순히 단어나 문법만 외우는 게 아니라
실제 원어민 대화 중심으로 구성되어 있어요.
영상 콘텐츠도 실제 외국 현지에서 촬영된 인터뷰라서
마치 영어권 나라에서 직접 배우는 느낌이에요.
AI 발음 피드백 기능도 생각보다 유용했어요.
제가 말한 문장을 바로 인식해서 발음이 어색한 부분을 체크해주니까
혼자 공부해도 스스로 교정이 가능했어요.
그 덕분에 발음이 확실히 자연스러워졌다는 얘기도 들었고요.
    영어회화 어플이 이렇게 실전 중심인 경우가 흔치 않은데,
스피킹맥스는 정말 ‘말하는 영어’에 집중된 영어인강이에요.
회사 다니면서도 출퇴근길에 짧게 할 수 있어서
시간 부담이 전혀 없어요.
    🌟 스피킹맥스 내돈내산 후기 – 실제로 느낀 변화
저는 원래 회화에 정말 약했어요.
문법이나 단어는 알아도 막상 입에서 안 나오는 타입이었거든요.
근데 스피킹맥스 돈버는영어를 꾸준히 하다 보니까
어느 순간 문장이 머리에서 자동으로 완성되더라고요.
출근 전에 10분, 자기 전 5분씩 꾸준히 하다 보니
듣기랑 말하기가 동시에 늘었어요.
특히 좋았던 건 ‘오늘의 미션’처럼 매일 해야 할 분량이 정해져 있어서
뭘 해야 할지 고민할 필요가 없다는 점이에요.
그냥 앱에서 알려주는 순서대로 하면 되니까
학습 루틴이 자연스럽게 잡혔어요.
그리고 진짜 솔직히 말해서,
보상이 쌓일 때마다 뿌듯해서 계속하게 돼요.
“오늘은 귀찮으니까 내일 해야지” 하는 생각이 들다가도
“보상 날아가면 아까운데?” 싶어서 하게 되는 거예요.
결국 꾸준함이 만들어지는 구조라
이게 바로 스피킹맥스 돈버는영어의 진짜 핵심인 것 같아요.
  🧩 왜 영어인강추천 1순위인지 알겠어요
스피킹맥스 돈버는영어를 써보니까
단순히 콘텐츠 퀄리티만 좋은 게 아니라,
학습 시스템 자체가 너무 잘 되어 있더라고요.
실전 회화 위주의 구성
AI 발음 교정 기능
꾸준히 하면 돈까지 버는 보상 시스템
초보자부터 고급자까지 단계별 커리큘럼
이 네 가지가 완벽히 맞물리니까
영어공부가 ‘해야 하는 일’이 아니라 ‘하고 싶은 일’로 바뀌어요.
공부가 습관이 되는 영어인강, 이게 진짜 스피킹맥스의 강점이에요.
  📈 결론 – 꾸준히 하게 되는 영어공부
솔직히 처음엔 돈버는영어라는 이름이 낯설었어요.
근데 지금은 이 시스템이 없으면 오히려 공부가 안 될 정도예요.
그만큼 꾸준함을 만들어주는 힘이 있어요.
저처럼 영어공부 시작은 잘하지만 끝은 늘 흐지부지였던 분들,
진짜로 스피킹맥스 돈버는영어 한 번 써보세요.
학원처럼 시간 뺄 필요도 없고,
혼자서도 충분히 원어민 감각을 익힐 수 있어요.
무엇보다 영어하면서 돈까지 벌 수 있다니,
이보다 더 현실적인 영어인강이 있을까요?
저는 이 앱 덕분에 영어에 대한 자신감도 생기고
꾸준함이 습관이 됐어요.
이 글이 영어인강 어플을 찾는 분들께
조금이라도 도움이 되었으면 좋겠네요 :)
  스피킹맥스 돈버는영어 알아보기 >>
https://speakingmax.com/ev/?k=f6
좋아요공감
공유하기
게시글 관리
구독하기
'⭐ 스피킹맥스 내돈내산 후기' 카테고리의 다른 글
스피킹맥스 돈버는영어 1년 후기 내돈내산 (장단점 정리)  (0) 2025.11.04
스피킹맥스 후기 | 돈버는영어 가격보다 값진 경험  (0) 2025.10.21
스피킹맥스 위약금 내지 않고 꾸준히 할 수 있는 비결 (내돈내산 후기)  (0) 2025.10.17
스피킹맥스 내돈내산 후기 : 가격과 환급까지 솔직하게 알려드려요  (2) 2025.09.03
스피킹맥스 돈버는영어 내돈내산 후기 & 가격 솔직 정리 (1년 사용 경험)  (5) 2025.08.27"
speakingmax.tistory.com›스피킹맥스-내돈내산-후기-가격과-환급까지-솔직하게-알려드려요,https://speakingmax.tistory.com/entry/%EC%8A%A4%ED%94%BC%ED%82%B9%EB%A7%A5%EC%8A%A4-%EB%82%B4%EB%8F%88%EB%82%B4%EC%82%B0-%ED%9B%84%EA%B8%B0-%EA%B0%80%EA%B2%A9%EA%B3%BC-%ED%99%98%EA%B8%89%EA%B9%8C%EC%A7%80-%EC%86%94%EC%A7%81%ED%95%98%EA%B2%8C-%EC%95%8C%EB%A0%A4%EB%93%9C%EB%A0%A4%EC%9A%94,tistory,maxai,blog,2026-01-18T15:32:33.203121,"영어 공부를 꾸준히 이어가는 건 생각보다 쉽지 않습니다.
특히 직장인이나 대학생처럼 매일 바쁘게 살다 보면, 하루도 빠짐없이 학습을 한다는 게 거의 불가능하게 느껴지죠.
    저 역시 그런 성격이었는데요, 제 MBTI가 파워 P라서 ‘꾸준히 하기’는 정말 자신 없던 부분이었어요.
그런데 스피킹맥스 돈버는영어를 만나고 나서는 생각이 달라졌습니다.
오늘은 제가 직접 사용해 본 내돈내산 스피킹맥스 후기와 함께, 프로그램의 특징을 자세히 소개해 드리려고 합니다.
    스피킹맥스 돈버는영어의 장점
제가 사용하면서 가장 크게 느낀 장점은 두 가지였습니다.
하루 학습량이 부담스럽지 않다
스피킹맥스 돈버는영어는 1일 학습량이 정말 많지 않아요. 그래서 “오늘도 꼭 해야겠다”라는 부담감이 아니라 “이 정도면 할 수 있지”라는 마음으로 시작할 수 있었습니다. 작은 분량이지만, 꾸준히 하다 보니 습관처럼 자리를 잡더라고요.
환급과 보상이 주는 동기부여
공부만 하는 게 아니라, 학습할수록 코인이 쌓이고 환급으로 연결됩니다. 단순히 영어를 배우는 게 아니라, ‘꾸준히 하면 보상이 돌아온다’는 사실이 제게는 강력한 모티베이션이었어요. 그래서 힘들어도 멈추지 않고 계속 학습을 이어갈 수 있었습니다.
  하루 15분으로 일상에서 느낀 변화
사실 성인이 되고 나면 영어를 쓸 기회가 많지 않아요.
그래서 영어를 배워도 금방 잊어버리기 쉬운데, 저는 스피킹맥스 돈버는영어를 하면서 달라졌습니다.
매일 조금씩이라도 영어로 말하다 보니, 발음이 자연스러워지고 말하는 감각을 잃지 않게 되더라고요.
이전에는 한두 달 쉬면 입이 굳어버려 다시 시작하기 힘들었는데,
지금은 오히려 “오늘도 영어로 말하는 게 당연하다”라는 생각이 들어요.
무엇보다 스스로도 놀랐던 건, 제가 꾸준히 하고 있다는 사실이에요.
“꾸준히”라는 단어와는 거리가 멀던 제가 1년 가까이 매일 학습을 이어가고 있다는 건 정말 큰 변화였습니다.
  내돈내산 스피킹맥스 후기 정리
✔ 꾸준히 못 하던 성격도 매일 하게 만든 동기부여
✔ 부담 없는 하루 학습량 덕분에 습관처럼 이어가기 가능
✔ 환급 제도로 보상까지 연결되어 성취감 상승
✔ 매일 말하는 훈련 덕분에 발음·감각 유지
✔ 내돈내산으로 사용했지만 충분히 만족
  마무리 : 스피킹맥스 돈버는영어 여러분도 할 수 있어요!
제가 세상에서 제일 꾸준히 못하는 사람이라고 생각했는데, 이렇게 스피킹맥스 돈버는영어로 매일 학습을 이어가고 있는 게
스스로도 놀랍습니다. 저 같은 사람도 할 수 있었다면, 누구든 충분히 하실 수 있다고 믿어요.
그리고 단순히 영어공부만 하는 게 아니라, 학습 과정에서 귀여운 곰돌이나 꿀단지 같은 요소들이 함께하니
재미와 보상까지 챙길 수 있었어요.
매일 공부한다는 압박이 아니라, “오늘도 게임처럼 한 번 해볼까?”라는 가벼운 마음으로 시작할 수 있었던 게
가장 큰 매력이 아닐까 싶습니다.
  저의 스피킹맥스 내돈내산 후기가 고민하시는 분들께 조금이나마 도움이 되었으면 합니다.
꾸준히 영어를 하고 싶지만 자신이 없는 분, 동기부여가 필요하신 분들께 특히 추천드려요.
더 많은 실제 사용자 후기는 스피킹맥스 공식 유튜브 채널에서도 확인할 수 있으니 참고해보세요!
  💌 스피킹맥스 돈버는영어 확인하러 가기
https://speakingmax.com/ev/?k=d0
  💖 김은우님 인터뷰 보러가기 
https://youtu.be/6NDQSOaDpp0?si=XjLkOTXwHag3Ijsw
좋아요4
공유하기
게시글 관리
구독하기
'⭐ 스피킹맥스 내돈내산 후기' 카테고리의 다른 글
스피킹맥스 돈버는영어 1년 후기 내돈내산 (장단점 정리)  (0) 2025.11.04
스피킹맥스 후기 | 돈버는영어 가격보다 값진 경험  (0) 2025.10.21
스피킹맥스 위약금 내지 않고 꾸준히 할 수 있는 비결 (내돈내산 후기)  (0) 2025.10.17
스피킹맥스 돈버는영어 1년 내돈내산 솔직 후기 / 영어 인강 어플 추천 이유  (0) 2025.10.13
스피킹맥스 돈버는영어 내돈내산 후기 & 가격 솔직 정리 (1년 사용 경험)  (5) 2025.08.27"
speakingmax.tistory.com›스피킹맥스-돈버는영어-1년-후기-내돈내산-장단점-정리,https://speakingmax.tistory.com/entry/%EC%8A%A4%ED%94%BC%ED%82%B9%EB%A7%A5%EC%8A%A4-%EB%8F%88%EB%B2%84%EB%8A%94%EC%98%81%EC%96%B4-1%EB%85%84-%ED%9B%84%EA%B8%B0-%EB%82%B4%EB%8F%88%EB%82%B4%EC%82%B0-%EC%9E%A5%EB%8B%A8%EC%A0%90-%EC%A0%95%EB%A6%AC,tistory,maxai,blog,2026-01-18T15:32:33.203121,"저는 사실 영어공부는 늘 작심삼일이었어요.
회사 다니면서 영어 필요성을 느끼긴 하는데,
막상 인강을 들어도 꾸준히 하기가 어렵더라고요.
그러다 우연히 광고에서 본 스피킹맥스 돈버는영어.
‘공부하면서 돈을 번다’는 문구가 너무 신선해서 시작하게 됐어요.
이 글은 내돈내산으로 1년간 직접 써본 솔직한 스피킹맥스 후기입니다.
💡 1년 동안 써본 돈버는영어의 장점
  1. 꿀단지 리워드 시스템

가장 큰 장점은 바로 꾸준히 할 수밖에 없는 구조예요.
매일 일정 시간 학습하면 꿀단지가 쌓이고,
이게 나중에 실제 환급 형태로 돌아옵니다.
솔직히 처음엔 별거 아니겠지 했는데,
꿀단지가 쌓일수록 ‘오늘 안 하면 손해’라는 생각이 들어요.
결국 이게 습관을 만들어주더라고요.
돈을 벌기 위해 공부를 하는 게 아니라,
꾸준히 하다 보면 돈이 따라오는 구조라 동기부여가 커요.
  회원의 절반 이상이 주 5일 이상 꾸준히 학습중이라니 대단하죠?
  2. 콘텐츠 구성
단순히 영상 강의만 보는 게 아니라,
원어민 인터뷰, 실전 회화, AI 발음 피드백 등
‘진짜 말하는 영어’에 집중돼 있어요.
하루 15분 정도면 끝나니까 직장인도 부담 없이 할 수 있어요.
무엇보다 모바일로 짧게 하니까,
출퇴근길에 듣기 연습하기도 좋고
퇴근 후에는 회화 반복 연습으로 하루를 마무리하기도 좋아요.
    이렇게 발음을 바로바로 평가해주니 너무 편리하고 좋았어요.
스피킹맥스는 확실히 회화 중심이구나 생각했습니다.
    3. 꿀단지 회복패치
1년 동안 하다 보면 가끔 하루 빼먹을 때도 있잖아요.
예전엔 꿀단지가 깨지면 의욕이 확 떨어졌는데,
이제는 ‘꿀단지 회복패치’ 기능이 있어서
다시 이어서 학습할 수 있어요.
이 기능 덕분에 정말 중간에 포기하지 않고 1년을 채웠어요.
  4. 돈버는 이벤트
스피킹맥스는 내돈내산 사용자 대상 이벤트를 자주 해요.
학습 인증 올리면 적립금이나 경품도 주고,
다른 사람들과 공부 인증하면서 경쟁하니까 동기부여가 커요.
저도 참가상으로 적립금을 받아서 꽤 즐겁게 참여했어요.
  물론 이렇게 만족하는 돈버는영어도 초반에 단점이라고 느낀 점이 있었어요.
  스피킹맥스 후기 – 아쉬운 점도 분명 있어요
1. 스피킹맥스 가격
정직하게 말하면, 스피킹맥스 가격이 저렴하진 않았어요. 
하지만 돈버는영어 시스템 덕분에
꾸준히 하면 일정 부분 환급이 가능해서
결국엔 체감 가격이 줄어들어서 좋았어요.
벌린금액이 커질수록, 학습을 하면 할수록
자연스럽게 벌리는 금액이 커져서 좋았어요.
2. 초반 몰입 어려움
AI 음성인식과 원어민 대화 콘텐츠가 낯설어서
저도 처음엔 “이거 나랑 안 맞나?” 싶어서
솔직히 스피킹맥스 비추 해야하나? 싶었어요.
근데 한 달 정도 지나니까 귀가 트이고,
그때부터 확실히 재미가 붙더라고요.
3. 리워드 집중의 함정
꿀단지 때문에 억지로라도 하게 되는 건 좋은데,
어느 순간 ‘돈 때문에 공부하는 느낌’이 들 때가 있어요.
그래서 저는 3개월 정도 지나면서
“리워드는 덤, 진짜 목적은 실력 향상”이라고
스스로 마음을 바꿔야 했어요.
그렇게 생각하니까 훨씬 편하게 즐길 수 있었어요.
  결국 학습이 젤 우선이라는 걸 잊지 않아야해요!
  1년 동안 써본 결과,
스피킹맥스 돈버는영어는 꾸준히 영어공부를 이어가고 싶은 사람에겐 정말 잘 맞아요.
특히 혼자 공부가 안 되는 분,
동기부여가 필요한 분이라면 추천드리고 싶어요.

가격은 조금 있지만,
그만큼 콘텐츠 질과 시스템 완성도가 높아요.
꿀단지, 회복패치, 내돈내산 이벤트까지 합치면
“공부가 습관이 되는 구조”가 완성돼요.

다만,
초반에 적응이 어렵거나,
단기간에 회화 실력을 폭발적으로 올리고 싶은 분이라면
조금 느리다고 느낄 수도 있어요.
그래서 제 결론은,

👉 꾸준히 할 자신이 있다면 스피킹맥스 강추,
단기 목표라면 스피킹맥스 비추.

저는 1년 동안 확실히 실력이 늘었고,
무엇보다 영어공부가 일상이 된 게 제일 큰 수확이에요.
진짜 꾸준함의 힘을 느끼고 싶다면,
스피킹맥스 돈버는영어 한 번 도전해보세요.
  스피킹맥스 돈버는영어 알아보러가기
https://speakingmax.com/ev/?k=f6
    좋아요공감
공유하기
게시글 관리
구독하기
'⭐ 스피킹맥스 내돈내산 후기' 카테고리의 다른 글
영어회화 앱 스피킹맥스 돈버는영어 추천 비추 딱 알려드림  (1) 2025.11.11
영어인강 어플 스피킹맥스 돈버는영어 6개월 내돈내산 후기 (장단점)  (0) 2025.11.04
스피킹맥스 후기 | 돈버는영어 가격보다 값진 경험  (0) 2025.10.21
스피킹맥스 위약금 내지 않고 꾸준히 할 수 있는 비결 (내돈내산 후기)  (0) 2025.10.17
스피킹맥스 돈버는영어 1년 내돈내산 솔직 후기 / 영어 인강 어플 추천 이유  (0) 2025.10.13"
"중고명품매입 전문
emiyong.tistory.com",https://emiyong.tistory.com/15,tistory,maxai,blog,2026-01-18T15:32:33.203121,"""왕초보도 시작할 수 있는 돈버는영어""
  영어 공부, 시작은 늘 쉽지만 
꾸준히 이어가기 어렵죠.
저 역시 늘 다짐만 하다가 
흐지부지 끝나곤 했어요.
  그런데 스피킹맥스를 
만나고 나서는 달라졌습니다.
이유는 간단해요. 
영어 공부를 하면 
보상까지 따라오기 때문이죠.
  왕초보도 부담 없이 시작할 수 있고,
하루 20~30분이면 충분해요.
그래서 저는 매일 이어가고 있습니다.
    많은 분들이 궁금해하는 부분이 
바로 스피킹맥스가격이에요.
가격은 고정된 게 아니라, 
프로모션에 따라 달라집니다.
  정확한 금액은 
고객센터 상담을 통해 알 수 있어요.
☎ 1644-0549 로 문의하면 가장 빠릅니다.
  저는 스피킹맥스가격보다 
더 놀라웠던 점이 있어요.
낸 비용보다 더 많은 
보상을 얻을 수 있다는 사실이었어요.
    영어 공부에서 
가장 어려운 건 꾸준함이에요.
하지만 스피킹맥스는 
보상이 주어지는 구조라 
다른 교육 프로그램이랑 차원이 달라요.
  학습만 하면 리워드가 쌓이니 
성취감이 생기고,
매일 하고 싶다는 의지가 
자연스럽게 이어집니다.
작심삼일로 끝날 걱정이 없어요.
부담은 줄고, 동기부여는 커지기 때문에
공부가 어떨땐 더 하고 싶을때도 있어요.
    ""실전에 강한 영어회화 학습""
  스피킹맥스는 교재식 암기 공부가 아닙니다.
실생활 영어회화에 강한 프로그램이에요.
그래서 더욱 마음에 들고 
공부를 할수록 눈에 보이는 
실력때문에 뿌듯합니다.
  • 2,332명 현지 원어민에게 배우는 회화
• 17개국 49개 도시를 여행하듯 체험
• 15,000여 개 필수 문장을 비주얼 피드백으로 학습
• 왕초보부터 비즈니스 영어까지 완전 정복
  한눈에 봐도 얼마나 알찬지 느껴지시죠?
이런 부분을 고려해서 선택한게
바로 이 스피킹맥스였습니다.
    스피킹맥스는 프로그램을 열면 
공부에 집중할 수 있는 인터페이스에요.
오늘 학습할 내용이 눈에 쏙 들어오게
잘 구성되어 있어요.
  영상 기반이라 따라 하기도 쉽고,
왕초보도 금방 적응할 수 있습니다.
익히기 쉽게 되어 있어
공부한 내용이 오래 기억에 남아요.
  남녀노소 영어에 대한 갈증을
풀어줄 우수한 프로그램같아요.
    ""돈버는영어, 공부도 하는 일석이조!'
  학습을 완료할 때마다 
코인이 차곡차곡 쌓여요.
조건을 충족하면 
현금으로 전환할 수도 있죠.
실제로 활용 가능한 보상이라 
만족감이 대박이에요.
  꾸준히 학습한 분들 중에는 
낸 수강료 보다 더 많이 벌어간
사례도 있다고 해요.
공부한 시간이 결코 
헛되지 않다는 확신이 생기죠.
    스피킹맥스는 프로그램 자체가
언어를 익히는 데 최적화되어 있어요.
  교재에 의존하는 방식이 아니라
실제 원어민 영상을 통해 배우다 보니
자연스럽게 표현이 몸에 스며듭니다.
여행이나 유학, 비즈니스까지
목적에 맞게 선택할 수 있는 
코스가 마련되어 있어서
누구나 상황에 맞는 
어를 학습할 수 있어요.
  특히 발음과 억양을 현지 그대로 들으며
따라하고 들어보고 익히다보니
실전에서 바로바로 활용이 되더라고요.
    많은 분들이 궁금해하는 
스피킹맥스 가격.
저 역시 처음에는 가격부터 확인했어요.
  하지만 직접 이용해보니
가격보다 훨씬 중요한 게 있었습니다.
바로 학습을 통해 얻는 가치였어요.
  기초부터 차근차근,
그리고 실전까지 이어지는
단단한 커리큘럼!
거기에 보상까지 함께 따라오니
동기부여가 자연스럽게 생기더라고요.
  결국 등록할 때의 금액 이상의 
만족을 얻을 수 있었습니다.
    영어 기초가 부족해도 걱정 없어요.
프로그램이 쉽고 
직관적으로 설계되어 있거든요.
하루 20분만 투자해도 루틴이 잡히고,
꾸준히 이어가다 보면 실력 향상이 눈에 보입니다.
  질리지 않도록 재미있게 구성되어 있어서
오랫동안 학습하기에도 딱 좋아요.
영어 실력과 보상을 동시에!
스피킹맥스가격은 꾸준히 
공부하다보면 전혀 부담되지 않아요.
그만큼 리워드로 돌아오니까요.
    여행 준비를 하거나,
비즈니스 영어가 필요하거나,
혹은 기초부터 다시 다지고 싶을 때까지.
누구든지 목적에 맞게 선택해
꾸준히 실천할 수 있는 프로그램!
  실제 생활에서 바로 쓰는 
영어 표현을 배우고,
보상으로 돈까지 벌어가는
돈버는영어! 스피킹맥스를
추천하고 싶어요.
  돈버는영어가 궁금하다면,
커리큘럼과 학습 자료, 프로그램,
스피킹맥스가격이 궁금하다면
아래 링크를 통해 확인해보세요.
  https://speakingmax.com/ev/?t=mst"
rememberonmybehalf.tistory.com›스피킹맥스-완주-예정,https://rememberonmybehalf.tistory.com/entry/%EC%8A%A4%ED%94%BC%ED%82%B9%EB%A7%A5%EC%8A%A4-%EC%99%84%EC%A3%BC-%EC%98%88%EC%A0%95,tistory,maxai,blog,2026-01-18T15:32:33.203121,"회화 실력 향상을 위해 시작했던
스피킹 맥스...
 
호기롭게 시작했지만 시작부터 삐그덕댔다.
 
알바 끝나고 집 가는 길에 시작했는데

그렇게 급작스렇게 하면 안되었던 것..

 
스피킹만으로 학습이 진행되는데

암만 가까이 대도 작게 말하면 인식을 못함.
(왜 말하는데 듣지를 못하니...)
 
지하철에서 소리내어 공부하기 부끄러웠던 난 그렇게
 
첫 시작으로 받은 기념비적인 무지개꿀단지를 날려버렸다...
 
내 생활 패턴에 맞지 않는 학습어플이란 것을 알았을 그 때 그만두었어야 했는데


 
어느덧...
너와 만난지 600일째..
 
지금도 꿀딴지 없는 출석체크만 하고 있는 건 안비밀..

동기부여의 수단으로 포인트 획득이 되는 이 앱을 선택했으나

시작부터 삐그덕대니 동기는 무슨

포인트 생각하면 열뻗치는 게 더 커서 공부할 마음 싹 사라짐.


everyday 출석은 진짜 에바참치꽁치였다.

 
어차피 이제 공부의 목적은 잃은지 오렌지

 
남은 130일 남짓의 기간 동안 그래도 조금 덜 손해볼 수 있는 방법을 찾아보려 한다.
 
스피킹 맥스는 획득한 코인으로 캐릭터를 구매해 일별 획득 코인을 늘릴 수가 있다.
 캐릭터 종류
 
현재는 5,000따리 효율적인 맥스로 진행 중
 
 
그리고 저 잠겨있는 열적적인 놈을 겥하느냐 마느냐의 기로에 놓였는데
 
무려.....20만 코인(ㅂㄷㅂㄷ)
 
효율이의 40배이자
 
내가 지금까지 모은 거랑도 삐까침.
 


 
하루 학습량 점수를 채워 일주일 풀 출석 완수하면
차주부터 꿀단지를 주는데
꿀딴지 종류
 
개떡같이 활동한 결과 지금까지 내가 받은 꿀단지 총 49개
그리고 각각의 비율은 이렇다
 
이번 주는 걍 얼렁뚱땅 치는 걸로 하고
학습일수 기준 획득 코인에 변화가 있는 때를 기준으로 대충 계산해 보기로 한다.
 기준은 바로 366일!
하루당 받는 코인에 변화가 생기는 366일을 기준으로
남은 기간에도 동일한 비율로 꿀단지를 받는다고 가정하여 대략 살펴 보았을 때
효율과 열정의 차이는 단 145,221코인
 
근데 여기서 열정은 -20만 코인을 생각해야 한다는 것...
 
오히려 효율적인 맥스가 더 이득인 상태가 된다.
 
꼴랑 3개 있는 캐릭터 중 한 개를 못 연다는 찝찝함이 있겠지만
 
모른체하기로 하고
계속 효율적인 맥스로 가기로 마음을 먹었다!
 
남은 약 4개월의 기간동안
오로지 꿀단지 획득만을 목적으로 했을 때
과연 어떤 결과가 나올지 한번 두고보겠다.
 
+진짜 양아치같은 점
22% 공제에 천원 단위도 땡가 먹겠다는 거
 
개재수없음
 
드릅다 드르와
 
.
.
.
 
 
그런데 366일째 되는 날
학습을 진행하니
날 꼬신다
 
구매가능하다고 알림도 준다...
 
하지만 미지수에 투자하지 않고
쌩 20만(-제세-5천단위로 절삭=155,000) 코인을 안고 가겠다😤
 
366일부로
나의 재정 상태
 일단 366일째 7일 수행 성공 겥겥
이제 367일부터 일주일은 파란 꿀단지로 시작
 
 
남은 18주 꿀단지 보상 놓치지 말고 잘 해보자!!!
 
과연 맞기는 할지
맞다면 반올림일지 반내림일지
일단 추측 획득 개수
무0.72
보2.52
빨3.6
파5.58(-1
노5.58
 
그리고 파란 것부터 실패....
   
 
진짜 의욕뚝떨
겁내 하기싫다
 



 
 



계속 추가 예정.
 
 
 
 
 
 
 
 
 
 
  좋아요공감
공유하기
구독하기
저작자표시
'네취' 카테고리의 다른 글
급 라볶이 맛이 떠올라 먹으러 갔으나 기억 속 맛일리가  (0) 2024.05.17"
"새달공의 직업은 카피라이터
withljm.tistory.com›스피킹맥스-아이패드프로-에어팟맥스-맥북-에어-가격-사용-후기",https://withljm.tistory.com/entry/%EC%8A%A4%ED%94%BC%ED%82%B9%EB%A7%A5%EC%8A%A4-%EC%95%84%EC%9D%B4%ED%8C%A8%EB%93%9C%ED%94%84%EB%A1%9C-%EC%97%90%EC%96%B4%ED%8C%9F%EB%A7%A5%EC%8A%A4-%EB%A7%A5%EB%B6%81-%EC%97%90%EC%96%B4-%EA%B0%80%EA%B2%A9-%EC%82%AC%EC%9A%A9-%ED%9B%84%EA%B8%B0,tistory,maxai,blog,2026-01-18T15:32:33.203121,"새해가 시작되면서 많은 사람들이 새로운 목표를 세우는 시점에 이릅니다. 특히 영어 회화의 중요성을 느끼는 분들이 많습니다. 그러나 막상 영어를 배우려면 어떤 방법으로 접근해야 할지 고민이 됩니다. 이럴 때 도움이 되는 것이 스피킹맥스입니다. 스피킹맥스는 영어 회화 학습 플랫폼으로, 아이패드 프로와 에어팟 맥스를 사은품으로 제공하는 매력적인 혜택이 있습니다. 이번 포스팅에서는 스피킹맥스의 가격과 함께 아이패드 프로, 에어팟 맥스, 맥북 에어 등의 제품에 대한 사용 후기를 자세히 알아보겠습니다.
 저는 평소에 영어에 대한 필요성을 느끼면서도 실행에 옮기지 못하는 사람이었습니다. 이렇게 고민하던 중 스피킹맥스 아이패드 프로를 제공한다는 광고를 보게 되었습니다. 과연 내가 원하는 제품을 얻기 위해 영어를 배우는 것이 가능할까? 고민 끝에 신청해보게 되었습니다. 이 글에서는 실제로 사용해본 경험을 바탕으로 스피킹맥스와 함께한 아이패드 프로, 에어팟 맥스, 그리고 맥북 에어에 대해 이야기하겠습니다.
👉스피킹맥스 아이패드프로 에어팟맥스 맥북 에어 가격, 사용 후기 바로가기
목차
스피킹맥스 소개
아이패드 프로 사용 후기
에어팟 맥스 사용 후기
맥북 에어 사용 후기
스피킹맥스 학습 효과
장기적인 학습 계획
FAQ
스피킹맥스는 어떤 프로그램인가요?
아이패드 프로와 에어팟 맥스는 어떻게 받을 수 있나요?
학습은 얼마나 걸리나요?
같이 보면 좋은 정보!
스피킹맥스 소개
스피킹맥스는 영어 회화 능력을 키우기 위한 다양한 콘텐츠를 제공하는 플랫폼입니다. 특히, 실제 상황에서 유용하게 사용할 수 있는 회화 중심의 학습이 특징입니다. 기기를 통한 학습은 이제 필수적이며, 스피킹맥스는 그에 걸맞는 다양한 자료를 제공합니다. 사용자들은 그동안 학습해온 문법이나 독해 위주의 영어에서 벗어나 자연스럽게 대화할 수 있는 기회를 얻게 됩니다.
 스피킹맥스의 가장 큰 장점은 학습이 단순히 지식 습득에 그치지 않고, 실제 사용할 수 있는 영어로 이어진다는 점입니다. 또한, 최근의 많은 학습자들이 온라인으로 학습하는 것을 선호함에 따라, 언제 어디서든 접속할 수 있는 가능성을 제공합니다. 무려 17,000명이 넘는 사람들이 이미 스피킹맥스를 통해 영어 회화의 첫 발을 내딛었다는 사실은 그 신뢰성을 더욱 높여줍니다.
아이패드 프로 사용 후기
스피킹맥스를 신청한 뒤, 저는 아이패드 프로를 받게 되었습니다. 11인치 모델로, 256GB의 용량과 M1 칩이 탑재된 성능은 저에게 큰 만족을 주었습니다. 특히, 이 아이패드는 학습 도구로서의 역할을 넘어서서 일상에서도 유용하게 활용되었습니다. 다양한 콘텐츠를 쉽게 접할 수 있었고, 학습의 재미를 더해 주었습니다.
 조금 더 구체적으로 이야기하자면, 아이패드 프로의 화면은 크고 선명하여 학습할 때 매우 유용했습니다. 손쉬운 터치 조작과 빠른 반응속도 덕분에, 다양한 학습 자료를 쉽고 빠르게 탐색할 수 있었습니다. 또한, 학습을 하면서도 웹 서핑이나 동영상 감상 등 여러 가지 용도로 활용할 수 있었던 점이 좋았습니다. 이처럼 아이패드 프로는 단순한 학습 도구가 아닌, 저의 디지털 라이프를 풍부하게 만들어주는 친구 같은 존재가 되었습니다.
에어팟 맥스 사용 후기
에어팟 맥스는 스피킹맥스의 주요 혜택 중 하나로, 무선 이어폰 중에서도 특히 고급스러운 디자인과 성능을 자랑합니다. 노이즈 캔슬링 기능이 뛰어나 외부 소음을 차단해 주며, 음악을 듣거나 학습할 때 큰 도움이 되었습니다. 실제로 저는 학습 중에 에어팟 맥스를 활용하여 강의를 듣고, 영어 회화 연습을 하였습니다.
 또한, C타입 충전이 가능하여 맥북과 함께 사용할 때 더욱 편리했습니다. 여러 기기를 동시에 충전할 수 있어 외출 시 충전기를 여러 개 챙길 필요가 없었습니다. 에어팟 맥스는 단순히 좋은 음질을 제공하는 것을 넘어, 학습 환경을 더욱 쾌적하게 만들어 주었습니다. 착용감도 뛰어나서 장시간 착용해도 불편함을 느끼지 않았습니다.
👉스피킹맥스 아이패드프로 에어팟맥스 맥북 에어 가격, 사용 후기 바로보기
맥북 에어 사용 후기
스피킹맥스와 함께 맥북 에어를 활용하면서, 저는 모바일 학습의 한계를 극복할 수 있었습니다. 고사양의 맥북 에어는 다양한 프로그램을 동시에 실행할 수 있어, 학습하며 필요한 자료를 검색하거나 강의를 듣는 데 큰 도움이 되었습니다. 학습의 효율성을 높여주는 동시에, 작업의 능률도 끌어올려 주었습니다.
 맥북 에어의 디자인 또한 매력적입니다. 가벼운 무게로 이동이 용이하고, 슬림한 디자인은 제가 어디에나 가지고 다녀도 부담이 되지 않았습니다. 물론, 학습에 필요한 도구로서의 기능도 놓치지 않았습니다. 원활한 인터넷 연결과 빠른 퍼포먼스는 저에게 최적의 학습 환경을 제공해 주었습니다. 무엇보다도, 스피킹맥스와 함께 사용하면서 더욱 효과적으로 영어를 공부할 수 있다는 점이 가장 큰 장점이었습니다.
스피킹맥스 학습 효과
실제로 스피킹맥스를 이용한 학습을 통해, 영어 회화 실력이 확연히 향상되었음을 느끼고 있습니다. 기존의 문법이나 독해 위주의 학습에서는 느끼지 못했던 자연스러운 대화 능력이 생겼습니다. 실제 원어민과의 대화를 많이 접하면서, 초기의 두려움도 점차 사라졌습니다. 저는 이제 더 이상 영어로 대화하는 것이 두렵지 않습니다.
 스피킹맥스는 다양한 상황에서 적절한 영어 표현을 배울 수 있도록 도와주고, 매일 조금씩 학습할 수 있는 환경을 제공해 주었습니다. 특히 하루 15분 정도의 짧은 강의를 통해 부담 없이 학습할 수 있었고, 이런 점이 저에게 많은 도움이 되었습니다. 이제는 영어가 더 이상 부담이 아니라, 즐거운 취미가 되었습니다.
장기적인 학습 계획
스피킹맥스를 통해 영어 회화에 대한 두려움을 극복한 저는 이제 장기적인 학습 계획을 세우고 있습니다. 매일 조금씩 학습하는 습관을 기르면서, 다양한 콘텐츠를 활용하여 실력을 높이려 하고 있습니다. 스피킹맥스를 통해 얻은 영어 회화의 재미는 앞으로도 계속될 것이라고 확신합니다.
 특히, 다양한 주제의 콘텐츠를 통해 회화 실력을 더욱 다듬고 있습니다. 이 과정에서 나만의 학습 스타일을 찾고, 필요한 표현들을 자연스럽게 연습하는 것이 저에게는 매우 의미 있는 경험입니다. 앞으로의 영어 학습이 기대되며, 이를 통해 더 많은 기회를 만들 수 있을 것이라 생각합니다.
FAQ
스피킹맥스는 어떤 프로그램인가요?
스피킹맥스는 영어 회화 능력을 향상시키기 위한 다양한 콘텐츠를 제공하는 학습 플랫폼입니다. 현실적인 회화 상황을 반영하여 학습할 수 있도록 돕습니다.
아이패드 프로와 에어팟 맥스는 어떻게 받을 수 있나요?
스피킹맥스에 가입하고 커리큘럼을 신청하면, 사은품으로 아이패드 프로와 에어팟 맥스를 받을 수 있습니다.
학습은 얼마나 걸리나요?
스피킹맥스에서는 하루 15분 정도의 학습으로도 충분히 성과를 얻을 수 있도록 구성되어 있습니다.
 결론적으로, 스피킹맥스와 함께한 경험은 저에게 큰 도움이 되었고, 앞으로도 계속 영어 회화를 즐겁게 학습할 수 있을 것이라는 기대감이 큽니다. 다양한 기기를 활용하여 학습의 재미를 느끼고 있는 지금, 영어의 세계에 대한 두려움은 점차 줄어들고 있습니다. 누구나 영어 회화를 자신 있게 할 수 있도록 도와주는 스피킹맥스, 저처럼 영어에 도전하고자 하는 분들에게 적극 추천합니다.
👉스피킹맥스 아이패드프로 에어팟맥스 맥북 에어 가격, 사용 후기 바로보기
같이 보면 좋은 정보!
👉 치질에 좋은 음식: 건강한 식습관으로 치질 예방하기 ->
👉 머리가 멍하고 맑지 않은 증상: 원인과 해결책 ->
👉 자궁경부암 증상과 예방 방법 ->
좋아요공감
공유하기
게시글 관리
구독하기
저작자표시 비영리 변경금지"
speakingmax.tistory.com,https://speakingmax.tistory.com/,tistory,maxai,blog,2026-01-18T15:32:33.203121,"스피킹맥스 아이패드 패키지 1년 사용후기 알려드립니다
스피킹맥스 아이패드 패키지를 신청한 지 딱 1년이 지났습니다. 처음부터 영어회화 앱을 찾았던 건 아니었어요우연히 ‘스피킹맥스 아이패드 프로 제공’이라는 이벤트를 보고 흥미가 생겼고,영어공부만 해도 아이패드 프로 최신형을 받을 수 있다는 사실이 매력적이었습니다.그래서 ‘어차피 영어공부 다시 시작할 거면 동기부여도 확실한 걸로 해보자’ 하고 스피킹맥스를 선택하게 됐습니다. ■ 스피킹맥스 아이패드 패키지를 선택한 이유제가 스피킹맥스 아이패드를 선택한 가장 큰 이유는 솔직히 아이패드 프로 증정 이벤트였어요. 게다가 영어학습도 가능하다는 사실이 저에게 매력적으로 다가온 것 같았습니다.스피킹맥스 아이패드 덕분에 1년 동안 정말 꾸준하게 학습했습니다.영어루틴을 처음으로 1년 동안 유지했다는 사실 자체가 저에게는 꽤..
⭐ 스피킹맥스 내돈내산 후기 2025.12.09"
"드레스코드는 유니폼
plastic-iiile.tistory.com",https://plastic-iiile.tistory.com/6,tistory,maxai,blog,2026-01-18T15:32:33.203121,"영어공부를 하겠다고 결심만 수없이 했지만, 매번 중도에 포기했던 경험 있으신가요? 저도 그런 사람이었습니다. 교재를 사두고 몇 장 넘기지도 못하거나, 학원 등록 후 두세 번 빠지고 나면 자연스럽게 발길이 끊기곤 했죠. 그래서 이번에는 아예 다른 접근을 해보기로 했습니다. 바로 ‘돈버는영어’로 알려진 스피킹맥스를 시작하게 된 거예요.
      제가 관심을 가지게 된 이유는 공부 효과와 더불어 보상까지 함께 얻을 수 있기 때문이에요. 하루 20~30분 정도만 투자해도 실생활 회화를 익힐 수 있고, 학습할 때마다 보상이 쌓이다 보니 동기부여가 확실히 되더라고요. 예전에는 여러 핑계를 대며 미루기 일수였는데 지금은 보상으로 코인을 모으고 싶어서라도 꾸준히 하게 되네요.
      프로그램의 가장 큰 매력은 탄탄한 학습 콘텐츠에 있어요. 17개국 49개 도시의 원어민이 직접 등장하는 영상으로 실생활에서 자주 쓰는 표현을 배울 수 있고, 15,000여 개의 필수 문장을 특허 받은 비주얼 피드백으로 발음까지 교정할 수 있습니다. 매번 공부할때 자신감을 잃게 만들었던 발음 문제를 해결해주니 실제 대화 상황에서 자신감이 붙었어요. 영어에 자신이 없던 저도 기초부터 차근차근 단계를 밟으며, 지금은 고급회화까지 시도할 수 있게 되었어요.
      실제로 외국인이 길을 물어보는 상황이 있었는데, 영어로 설명하면서 자연스럽게 대처할 수 있었던 경험이 제게 큰 자신감을 주었습니다. 예전 같으면 대충 웃으며 넘어갔을 텐데, 이제는 짧더라도 정확하게 말할 수 있더라고요. 현실에서 바로 도움이 되는 영어공부로 제대로 하고 있었던 거예요. 돈도 벌고 실력도 느는데 영어공부를 안할 이유가 없죠.
      짧은 시간에 집중해서 공부할 수 있다는 점도 큰 장점이에요. 하루 20~30분 정도면 충분해서 회사 일을 마치고 와서도 가볍게 학습할 수 있었습니다. 짧게라도 꾸준히 공부하다보니까 영어 공부가 의무가 아니라 즐거운 습관으로 자리 잡게 된 것 같아요.
      스피킹맥스 등록은 고객센터를 통해 진행하는 것이 확실해요. 홈페이지에서 혼자 찾아보는 것보다 전문 상담원이 직접 안내해주니, 이용 조건이나 학습 방법에 대해 더 명확하게 알 수 있었어요. 궁금한 점이 많았는데, 상담을 통해 스피킹맥스위약금면제나 환불 관련 내용까지 확인하고 나니 안심하고 시작할 수 있었어요.
      스피킹맥스를 알아보면서 스피킹맥스위약금면제가 궁금했는데요. 이름만 들으면 뭔가 특별한 혜택처럼 느껴지지만, 실제로는 별도의 면제 제도가 있는 건 아닙니다. 다만 프로그램 자체가 해지나 환불을 고민할 틈이 없을 만큼 만족도가 높다는 점에서 많은 분들이 오해하시곤 하는것 같아요.
      제가 상담을 통해 알게 된 내용을 정리하면 시기마다 다양한 프로모션이 적용되기 때문에 정확한 가격은 반드시 공식 고객센터에서 확인하는 게 좋아요. 해지나 환불 조건도 복잡하지 않았고, 상담원님이 사용자 입장에서 쉽게 이해할 수 있도록 차근차근 안내해주었습니다. 결국 스피킹맥스위약금면제라는 말이 필요 없는 이유는, 해지나 환불을 고민할 일이 없기 때문이에요. 프로그램 자체가 만족도가 높아서 공부를 꾸준히 하게 되니까요.
      그리고 스피킹맥스를 하면서 가장 크게 동기부여가 되었던 보상제도는요. 매일 꾸준히 코인을 쌓고 일주일을 빠짐없이 채우면 랜덤 꿀단지라는 특별 보상까지 받을 수 있어요. 이 꿀단지는 최대 900%까지 코인을 불려주는데, 일정 조건을 채우면 현금으로 전환할 수도 있더라고요. 게다가 학습 레벨이 오르면 1000점당 받을 수 있는 코인 양도 커져서, 공부할수록 보상이 점점 늘어나는 게 눈에 보였습니다. 진짜 ‘돈버는영어’ 였어요.
      영어 공부를 할 때마다 끈기가 부족해 늘 아쉬움이 많았는데, 스피킹맥스를 통해서는 계속 잘 해오고 있어요. 실생활에서 바로 활용할 수 있는 표현을 배우고, 발음을 교정할 수 있는 커리큘럼 덕분에 실력이 느는게 체감되니 영어공부가 더 재밌게 느껴져요. 여기에 보상제도까지 더해지니 하루도 빼놓지 않고 조금씩이라도 하게 되더라고요. 처음 시작할 때는 가격이나 해지, 그리고 스피킹맥스위약금면제 같은 조건이 걱정이었지만, 해보니까 그런 걱정은 할 필요가 없었어요. 
  영어를 다시 시작해 보려는 분들이라면, 재밌게 꾸준히 할 수 있는 스피킹맥스가 아주 현명한 선택이 될 것 같아요.
  좋아요공감
공유하기
게시글 관리
구독하기
'[소통] 자유게시판' 카테고리의 다른 글
충주 연수동 맛집 한우 회식 장소로 딱 좋았던 고급 한우집  (1) 2025.12.22
원주 오크밸리 근처 맛집 천우한우 연말모임으로 다녀온 후기  (0) 2025.12.09
맛있는 집은 또 다시 생각나는 후포 대게 맛집 후포리백년식당  (2) 2025.11.05"
"취기 - 취향의 기쁨
suninkorea.tistory.com",https://suninkorea.tistory.com/114,tistory,maxai,blog,2026-01-18T15:32:33.203121,"｜ D a i l y ｜
    스피킹맥스 내돈내산 솔직후기
직장인 영어공부 독학
    글 / 사진 쑤닌(https://suninkorea.com)
 
9월, 10월, 11월 - 3개월동안 스피킹맥스를 들었다.
타임을 정해서 한달에 2만원을 계정주에게 내고 정해진 시간에만 사용하는 방법으로 수강했고, 세계일주편과 런던편을 마쳤다. 아무래도 9, 10월은 좀 널널하고 편안하게 세계일주편을 마쳤고, 11월 한달동안 바짝 런던편을 수강했다. 이유는... 이렇게 늘어지게 공부하면 아무것도 건질게 없을 것 같은 느낌이 확 와서 11월까지만 하고 그만두자, 라고 먼저 생각 한 후 6만원치 뽕뽑자, 딱 이렇게 네권만 공부하고 12월은 연말이고 바쁘니까 쉬엄쉬엄 복습하자... 라고 생각함 ㅎ.ㅎ
  하루 한 챕터 들으면 30분 쯤 걸린다.
세계일주편과 런던편 둘 다 각 2권씩 4주 과정이다. 세계일주편은 중급, 런던편은 고급으로 분류해 놨는데 음... 말하는 속도 때문인 것 같다. 런던편이 완전 고급 표현이라 표현이 어렵다던가 전문용어가 등장한다던가 그런건 아니었다. 근데 런던편이 확실히 속도가 빨라서 잘 못알아 먹겠음...ㅠ.ㅠ 그리고 아시잖아요 ㅠㅠ 영국 영어 진짜 빠르게 말하는 거... ㅋㅋㅋㅋ 세계일주편은 따라 말하기, 단어 맞히기, 대화를 듣고 문제 맞히기(퀴즈)가 있는데, 런던편은 퀴즈 부분이 없다. 훨씬 편안하게 들음 ㅋ.ㅋ 대화가 나온 후 퀴즈가 나오는 방식이라 약간만 멍때리면 뭐랬더라? ㅇㅁㅇ?? 이러고 있었다...ㅋㅋㅋㅋ
  확실히 현지인들의 표현이다 보니 활용할 만한 문장들이 많다.
그런건 줄도 치고 외우기도 하고 복습도 해야하는데 하나도 안했다. 깔깔!!! 새해에 하면 되니까!!!! 리얼클래스나 야나두, 뇌새김 등등 다른건 안들어봐서 비교군이 되진 못하지만 스피킹맥스를 요렇게 저렴한 가격에 활용하는 건 나쁘지 않은듯. 당근마켓에 하고 싶은 과정 책을 저렴하게 사거나 나눔 받아서 한달동안 그 코스만 수강해도 이득이다. 그러고 나서 복습이 중요하다. 다른 과정에 욕심을 부리기 보단 한 과정을 계속 복습하는게 훨씬 효과가 좋을 듯 하다. 그래서 나도 그만뒀고. 두개 다 들어보니 일상 대화를 하기엔 하나의 코스만 공부해도 표현이 차고 넘친다. 런던편 들어가기 전에 뉴욕편과 런던편 둘 중에서 엄청 고민했었는데 할 필요가 없었다. 아무거나 잡고 해도 된다. 일단 시작하셈!!! 그나저나 다른 책들은 어떡하지... 끙...ㅋㅋㅋㅋㅋㅋㅋㅋㅋㅋ
      ▼▼▼다시 시작한 스피킹맥스▼▼▼
https://blog.naver.com/sonhs726/222499625894
  [리뷰/영어공부]다시 시작한 스피킹맥스... 또륵...(진짜 내돈내산 후기)
l R e v i e w l 돈 들여 공부한 영어가 헛빵이 되다... 다시 시작한 스피킹맥스(진짜 내돈내산 후기) 글 ...
blog.naver.com
  좋아요3
공유하기
게시글 관리
구독하기
저작자표시 비영리 변경금지
'DAILY' 카테고리의 다른 글
2022년 최신판 넷플릭스 19금 필수 시청 리스트 내맘대로 TOP10  (2) 2022.08.07
2022년, 야학 봉사는 어떠세요?  (0) 2021.12.27
2021년 태닝일기 4화(8, 9, 10회차) - 지루했던 장마가 끝나고, 이젠 폭염이구나  (0) 2021.07.30
2021년 태닝일기 3화(6, 7회차), 그리고 태닝오일 내돈내산 후기  (0) 2021.07.29
토탈 방문자수 2만도 안되는데 두번째 다음 메인 노출!  (0) 2021.06.26"
"널스토리
alphago-gogomin.tistory.com",https://alphago-gogomin.tistory.com/6,tistory,maxai,blog,2026-01-18T15:32:33.203121,"영어공부를 시작하려고 마음을 먹어도
막상 어떻게 시작해야 할지 
막막할 때가 있습니다.
  특히 온라인 프로그램은
정보가 많아 보여도
정작 내가 원하는 답은 잘 안 보일 때가 많죠.
저 역시 여러 앱과 학원을 비교하다가
스피킹맥스를 알게 되었고,
제일 먼저 스피킹맥스고객센터번호로 연락해
상담을 받아봤습니다.
  직접 안내를 듣고 나니
프로그램에 대한 궁금증이
금세 풀렸습니다.
    전화 상담을 통해
가장 먼저 확인한 건
프로그램의 전반적인 커리큘럼이었어요.
  기초부터 고급회화까지 이어지는
단계별 구성이 준비되어 있어서
제 영어 실력에 맞게 선택할 수 있다는 점이
안심이 됐습니다.
  혼자 검색해서 얻는 정보와는
확실히 차이가 있었고,
궁금한 점을 바로 물어볼 수 있으니
시간도 절약되고 훨씬 효율적이었어요.
    두 번째로 상담에서 확인한 건 바로 가격이었습니다.
  스피킹맥스는 시기마다 프로모션이 달라서
정확한 금액을 온라인에서 찾기는 쉽지 않더라고요.
  이럴 때는 스피킹맥스고객센터번호로 
직접 문의하는 게 가장 확실했습니다.
최신 혜택과 조건을 바로 알려주니
불필요하게 오래 고민할 필요가 없었어요.
  저는 상담을 통해 안내받은 덕분에
놓칠 뻔했던 혜택까지 챙기면서
스마트하게 시작할 수 있었습니다.
    많은 분들이 걱정하는 부분이
바로 해지나 환불 조건일 거예요.
  저 역시 혹시라도
부담이 크지 않을까 걱정했는데,
상담을 통해 확인해 보니
탄탄한 커리큘럼과 합리적인 정책 덕분에
불필요한 걱정을 할 필요가 없더라고요.
  특히 스피킹맥스고객센터번호로 상담을 하면
이런 세부적인 조건까지
정확하게 알려주기 때문에
부담을 덜고 시작할 수 있었습니다.
    스피킹맥스의 가장 큰 장점은
바로 ‘돈버는영어’ 시스템이에요.
  하루 20~30분만 투자해도
공부하면서 코인을 쌓을 수 있고,
조건이 맞으면 현금으로 바꿀 수도 있습니다.
이런 부분도 글로는 이해가 잘 안됐는데
상담받으니까 명확해지더라고요.
실제로 어떤 방식으로 보상이 주어지는지
자세히 설명을 들을 수 있었어요.
  저처럼 동기부여가 필요한 분들께는
정말 매력적인 방식이라는 
생각이 들었습니다.
    무엇보다 교육 프로그램이
정말 우수해 보였어요.
  17개국 49개 도시 원어민이 등장하는 영상으로
현지에서 쓰는 표현을 그대로
배울 수 있다고 하더라고요.
  저는 이 부분이 가장 끌렸습니다.
실생활 영어가 꼭 필요했던 저에게
딱 맞는 학습법이었거든요.
  교재에 나오는 딱딱한 문장이 아니라
진짜 사람들이 쓰는 표현을
그대로 익힌다는 점이
큰 매력으로 다가왔습니다.
    특허 받은 비주얼 피드백 기능도
관심이 갔는데요.
무려 15,000여 개 필수 문장을 학습하면서
발음을 눈으로 직접 
확인할 수 있다고 하더라고요.
  혼자 공부할 때는
잘하고 있나 감이 안왔는데
이 기능 덕분에 한결 
자신감을 얻을 수 있었습니다.
  눈으로 확인하면서 교정하다 보니
영어를 말할 때 훨씬 당당해졌고,
실전 대화에서도 주저하지 않게 되었어요.
    보상 시스템도 정말 빵빵했는데,
그중에서 가장 흥미로웠던 건
바로 꿀단지 보상이었습니다.
  7일 연속으로 공부하면
랜덤 보상이 주어지는데,
최대 900%까지 코인이 늘어날 수 있다니
매일 접속할 이유가 충분했죠.
  저는 스피킹맥스고객센터번호로 
여러 내용을 문의하면서
이런 이벤트와 혜택까지 
자세히 확인할 수 있었어요.
    공부를 시작해도 끈기가 부족해서
항상 중도에 포기하곤 했는데,
이번에는 ‘이건 내가 계속할 수 있겠다’
하는 확신이 생겼습니다.
  공부가 재미있고,보상까지 있으니
동기가 확실히 잡히더라고요.
  가격이나 해지 조건은 물론이고,
보상 방식과 학습 커리큘럼까지
모든 부분이 제 상황에 맞게
알기 쉽게 설명되었거든요.
  역시 스피킹맥스고객센터번호로
직접 상담하는 것이
가장 정확하고 빠른 방법이니
영어공부 잘하고 싶은 분들~
문의 해보시길 바라요.
    스피킹맥스는 영어 실력과 보상을
한 번에 챙길 수 있는 프로그램이었습니다.
  혼자 검색하다가 정보에 휘둘리기보다는,
많은 분들이 선택한
믿을 수 있는 교육 프로그램을
선택해서 하시는게 효율적이에요.
  저 역시 그렇게 시작했기 때문에
환불이나 해지 같은 걱정 없이
안심하고 공부를 아주 잘 해나가고 있습니다.
  영어공부가 필요하지만
쉽게 포기했던 분들,
동기부여가 부족했던 분들께는
정말 좋은 선택이 될 거라고 
자신 있게 말씀드리고 싶습니다.
    좋아요공감
공유하기
게시글 관리
구독하기
'널스 꿀팁 (정보 & 노하우)' 카테고리의 다른 글
연말정산 세액공제 받을 수 있는 금융상품 RF시스템  (0) 2026.01.13"
speakingmax.tistory.com›스피킹맥스-돈버는영어-내돈내산-후기-가격-솔직-정리-1년-사용-경험,https://speakingmax.tistory.com/entry/%EC%8A%A4%ED%94%BC%ED%82%B9%EB%A7%A5%EC%8A%A4-%EB%8F%88%EB%B2%84%EB%8A%94%EC%98%81%EC%96%B4-%EB%82%B4%EB%8F%88%EB%82%B4%EC%82%B0-%ED%9B%84%EA%B8%B0-%EA%B0%80%EA%B2%A9-%EC%86%94%EC%A7%81-%EC%A0%95%EB%A6%AC-1%EB%85%84-%EC%82%AC%EC%9A%A9-%EA%B2%BD%ED%97%98,tistory,maxai,blog,2026-01-18T15:32:33.203121,"영어 공부를 시작하고 싶다는 생각은 누구나 하지만, 막상 꾸준히 이어가기는 쉽지 않습니다.
저 역시 여러 영어회화 앱을 사용해봤지만 오래가지 못했어요.
그러다 선택한 것이 바로 스피킹맥스 돈버는영어였습니다.
    오늘은 제가 직접 1년 넘게 사용하면서 경험한 내돈내산 스피킹맥스 후기와
많은 분들이 궁금해하시는 스피킹맥스 돈버는영어 가격 정보를 정리해보려고 합니다.
    왜 스피킹맥스 돈버는영어를 선택했을까?
저는 학생 시절 언론을 전공하면서 해외 연사를 만날 기회가 있었습니다.
  짧은 대화를 나눌 시간이 있었는데, 영어 문법이 틀릴까 봐 두려워 결국
“Thank you”만 반복하다가 기회를 놓쳤던 아쉬움이 아직도 기억에 남아요.
    그 기억이 계속 아쉬움으로 남아있어요..
   
그 이후로 영어회화는 반드시 제대로 배우고 싶다는 다짐을 했습니다.
여러 방법을 알아보다가 스피킹맥스를 알게 되었고,
“매일 꾸준히 말하는 습관을 만들 수 있다”는 점이 가장 크게 와닿아 바로 시작했습니다.
    스피킹맥스 후기: 꾸준함이 만드는 성과
솔직히 말씀드리면, 스피킹맥스 돈버는영어는 꾸준히 하기에 최적화된 영어 스피킹 앱 이라고 할 수 있습니다.
저 같은 경우, 1년 넘게 사용하면서 학습량을 채우지 못한 날이 5일도 되지 않았습니다.
매일 조금씩이라도 학습할 수 있도록 동기부여를 해주는 구조라, 다른 영어 공부 앱보다 훨씬 오래 이어갈 수 있었어요.
  특히 ‘돈버는영어’라는 프로그램은 영어회화를 연습하면서 코인이 쌓이고,
성실하게 학습하면 환급 혜택까지 연결되다 보니 재테크와 공부를 동시에 잡을 수 있다는 장점도 있었습니다.
그래서 영어회화와 자기계발을 동시에 하고 싶은 분들께 추천하고 싶습니다.
  스피킹맥스 가격은?
많은 분들이 제일 궁금해하는 게 바로 스피킹맥스 돈버는영어의 가격입니다.
실제로 프로그램 패키지에 따라 가격대가 조금씩 달라지는데, 보통 알려진 금액대는 월 9만원대입니다. 
 처음 들었을 때는 부담스러울 수도 있습니다.
하지만 하루 단위로 나눠 보면 결국 자기계발 투자비용이라고 생각할 수 있고,
꾸준히 한다면 충분히 그 값어치를 한다고 느꼈습니다.
  게다가 돈버는영어는 돈이 벌리는 환급 시스템이기 때문에 결국엔 부담이 확 줄더라고요.
스피킹맥스의 경우 200만원 이상 버신 분들도 계속 나오고 있고, 낸 수강료 보다 더 버신 분들도 많다고 합니다.
저 역시 돈을 벌면서 스피킹맥스 환급이 진짜 과장은 아니구나.. 싶었습니다.
  결국 공부도 하는데 돈도 벌린다는 게 저에겐 동기가 되었으니까요.
돈이 기대보다 덜 벌리더라도 결국 꾸준히 영어를 말하게 했으니 만족합니다 :)
  저는 실제로 스피킹맥스를 내돈내산으로 결제했기 때문에 더 냉정하게 판단했는데,
1년 동안 꾸준히 학습할 수 있었던 점만 봐도 가격 대비 만족도가 높았습니다.
다른 학원이나 과외와 비교하면 오히려 합리적인 선택이라고 생각합니다.
    스피킹맥스 내돈내산 솔직 후기 요약
꾸준함 유지에 탁월: 학습 목표를 채우지 못한 날이 거의 없을 정도로 시스템이 잘 되어 있음
스피킹맥스 가격: 월 9만원 대
스피킹맥스 환급 : 개인마다 상이하지만 꾸준히 하면 200만원 이상! 
내돈내산 후기: 실제로 사용해보니 단순히 영어회화 공부 앱이 아니라, 성취감과 동기부여를 동시에 주는 프로그램
영어회화 공부를 진지하게 시작하고 싶은 분들,
특히 꾸준히 할 자신이 없는 분들에게는 충분히 도움이 될 수 있는 앱이라고 생각합니다.
  돈버는영어 알아보러 가기 > 
https://speakingmax.com/ev/?k=c9
  금유진님 내돈내산 스피킹맥스 후기 인터뷰는 스피킹맥스 공식 유튜브에서 확인 가능합니다.
https://youtu.be/QvizVNiHRB4?si=wU1Dy2vnzvp-qRR0
좋아요4
공유하기
게시글 관리
구독하기
'⭐ 스피킹맥스 내돈내산 후기' 카테고리의 다른 글
스피킹맥스 돈버는영어 1년 후기 내돈내산 (장단점 정리)  (0) 2025.11.04
스피킹맥스 후기 | 돈버는영어 가격보다 값진 경험  (0) 2025.10.21
스피킹맥스 위약금 내지 않고 꾸준히 할 수 있는 비결 (내돈내산 후기)  (0) 2025.10.17
스피킹맥스 돈버는영어 1년 내돈내산 솔직 후기 / 영어 인강 어플 추천 이유  (0) 2025.10.13
스피킹맥스 내돈내산 후기 : 가격과 환급까지 솔직하게 알려드려요  (2) 2025.09.03"
"주간맛집리포트
jewellery.tistory.com›스피킹맥스내돈내산-돈버는영어-위약금걱정없는-후회-없는-선택",https://jewellery.tistory.com/entry/%EC%8A%A4%ED%94%BC%ED%82%B9%EB%A7%A5%EC%8A%A4%EB%82%B4%EB%8F%88%EB%82%B4%EC%82%B0-%EB%8F%88%EB%B2%84%EB%8A%94%EC%98%81%EC%96%B4-%EC%9C%84%EC%95%BD%EA%B8%88%EA%B1%B1%EC%A0%95%EC%97%86%EB%8A%94-%ED%9B%84%ED%9A%8C-%EC%97%86%EB%8A%94-%EC%84%A0%ED%83%9D,tistory,maxai,blog,2026-01-18T15:32:33.203121,"출근길마다 영어로 된 
TV 프로그램을 보고 있어요. 
예전 같으면 금방 지루해져 꺼버렸을 텐데,
지금은 조금씩 들리는 단어가 많아졌어요.
  이 변화의 시작은 스피킹맥스였습니다.
특히 스피킹맥스를 직접 경험해보니
꾸준히 이어갈 수 있는 힘이 달랐습니다.
    스피킹맥스는 학습을 마칠 때마다 
코인이 쌓이고,
조건을 충족하면 현금으로 전환할 수 있는
돈버는영어 프로그램이에요.
  영어 실력을 키우는 동시에
작은 보상까지 함께 얻을 수 있다 보니
학습 의지가 활활~
성적 향상만을 목표로 하는 것이 아니라
리워드로 경제 보상까지 챙기니까
매일 자연스럽게 공부하게 되더라고요.
    하루 20~30분 정도면 
충분히 진도를 따라갈 수 있어서
학습 시간도 전혀 부담스럽지 않았습니다.
  짧게 투자해도 
그날의 성취감이 분명히 느껴졌어요.
자연스럽게 하루를 마무리하는 
습관처럼 자리 잡으면서
끊이지 않고 꾸준히 하게 되더라고요.
  그렇게 학습이력이 쌓이다 보니
영어가 억지로 외우는 게 아니라
몸에 배듯 자연스럽게 익혀졌어요.
    책에서 보던 교재식 문장이 아니라
실제 생활 속에서 바로 들을 수 있는 
표현들이 많다는 게 가장 큰 특징이었습니다.
무려 17개국 49개 도시에서 촬영한 
원어민 영상을 기반으로 하고 있어서
체함되는 영어가 달라요.
  업무 회의에서 동료와 대화할 때도,
여행을 준비하면서 필요한 상황에서도
바로 써먹을 수 있는 영어가 나오니까
학습의 효율이 확실히 다른 것 같아요.
    꾸준히 학습하다 보면 
자연스럽게 누적 일수가 쌓이고 
레벨이 올라가요.
  레벨이 올라갈수록
코인 획득량도 함께 늘어나서,
작은 보상이지만 
매일 공부하는 재미가 더 커지더라고요.
특히 7일 연속으로 학습을 이어가면
랜덤 꿀단지를 받을 수 있는데,
최대 900%까지 코인이 늘어나니 
보상 폭이 상당히 커요.
    사실 프로그램이 워낙 우수하고
리워드도 빵빵해서 
등록 가격이나 스피킹맥스위약금
이런 부분도 궁금했거든요.
  프로모션에 따라 
조금씩 달라질 수 있어서
저는 상담을 통해 정확한 
내용을 확인했습니다.
학원이나 프로그램 등록하고
중도 포기로 환불이나 위약금
같은 것을 고민하곤 했는데
이건 기존과는 다르네요.
스피킹맥스위약금 전혀 생각없이
열심히 하고 있어요.
    스피킹맥스해지위약금 걱정 없이
꾸준히 학습을 이어갈 수 있다는 후기를 보고
저도 사실 처음부터 믿고 시작했어요.
  막상 사용해보니 
후기가 괜한 말이 아니더라고요.
학습을 통해 실력이 쌓이는 건 물론이고,
코인 보상까지 함께 챙길 수 있으니
더 큰 만족감을 느낄 수 있었습니다.
    그리고 문장을 만드는 능력이 부족하다는
생각으로 이 부분을 중점적으로 공부했는데요.
특허 받은 기술인 비주얼 피드백 시스템을 통해
15,000여 개의 필수 문장을 배울 수 있었어요.
  실제 대화 속에서 
어떻게 쓰이는지 확인하면서
진짜 영어회화를 익힐 수 있었습니다.
    영어 왕초보부터 시작해도 
전혀 걱정할 필요가 없습니다.
처음 접하는 사람도 따라올 수 있도록
커리큘럼이 체계적으로 
설계되어 있기 때문이에요.
아주 간단한 인사말 같은 기초 표현을 다지고,
점점 일상 대화로 확장하면서
자연스럽게 영어에 익숙해질 수 있습니다.
  학습 레벨이 오를수록
실전에서 자주 쓰이는 
비즈니스 표현까지 이어지는데요.
회의, 이메일, 프레젠테이션 등
다양한 상황에서 활용할 수 있는 
고급 영어까지 배울 수 있어요.
    스피킹맥스는 돈버는영어로
강력한 동기부여를 주는 프로그램이라
열심히 할 수 있게 된다는 점에서
큰 점수를 주고 싶어요.
  학습할 때마다 보상이 커지고,
하루 20~30분 정도의
부담 없는 시간 투자로
매일 실천할 수 있다는 
점이 정말 마음에 들었어요.
  공부를 하면서 쌓이는 보상에 
자신감이 생기고
스피킹맥스위약금이나 
환불 같은 건 사실 생각할 틈도 없었어요.
학습을 이어가다 보니 중도에 멈추기보다는
더 열심히 하고 싶은 의지가 커졌거든요.
하루하루 달라지는 성취감이 쌓이니까
자연스럽게 다음 학습을 기다리게 되더라고요.
  영어공부를 즐겁게 하고 싶다면,
저는 돈버는영어 스피킹맥스를 
자신있게 추천하고 싶어요.
실력을 키우는 과정이 지루하지 않고,
보상 시스템이 단단합니다.
  링크를 통해 더 자세하게 정보를 확인해 보시길!
    https://speakingmax.com/ev/?t=mst"
"스피킹맥스 공식 블로그
speakingmax.tistory.com›스피킹맥스-상술-누적보상액-79억-원으로-증명한-국내-최초-Learn-to-Earn-전략",https://speakingmax.tistory.com/entry/%EC%8A%A4%ED%94%BC%ED%82%B9%EB%A7%A5%EC%8A%A4-%EC%83%81%EC%88%A0-%EB%88%84%EC%A0%81%EB%B3%B4%EC%83%81%EC%95%A1-79%EC%96%B5-%EC%9B%90%EC%9C%BC%EB%A1%9C-%EC%A6%9D%EB%AA%85%ED%95%9C-%EA%B5%AD%EB%82%B4-%EC%B5%9C%EC%B4%88-Learn-to-Earn-%EC%A0%84%EB%9E%B5,tistory,maxai,blog,2026-01-18T15:32:33.203121,"본 포스팅은 스피킹맥스 습관형성 연구소의 분석내용을 바탕으로 보도자료로 배포합니다.
  최근 영어 학습 업계에서
뜨거운 감자로 떠오른 키워드가 있습니다.
바로 스피킹맥스의 ""상술""입니다.
  하지만 이 '상술'은 단순히
소비자를 유인하는 전략이 아니라,
학습자들의 지속적인 성장을
유도하는 혁신적인 동기 부여 시스템으로
긍정적인 평가를 받고 있습니다.
스피킹맥스 돈버는영어 학습 시스템을 통해 누적지급된 보상액 총 79억원
    스피킹맥스의 핵심 전략은
꾸준한 학습을 유도하기 위한 보상형 시스템에 있습니다.
이는 바로 학습을 통해 수익을 얻는
Learn to Earn (L2E) 시스템인
'돈버는영어'를 국내 최초로 도입한 결과입니다.
Learn to Earn 시스템의 혁신적인 동기 부여

스피킹맥스의 '돈버는영어' 시스템은 
학습자들이 매일 일일 학습량을 달성하면 코인을 적립하고, 
이를 현금으로 지급받을 수 있는 구조입니다. 
  코인 적립을 최대화하기 위해서는 
꾸준한 학습이 필수적이며, 
이는 학습자들의 참여 강도와 학습 이수율을 
높이는 중요한 요소로 작용합니다.

이 시스템은 단기적인 흥미를 넘어 
장기적인 학습 습관을 형성하도록 설계되었습니다. 
학습자는 매일 맥스의 하루 학습량을 달성해야 하며, 
이 학습량을 연속으로 7일 동안 달성하면 
'꿀단지'라는 추가 보상 아이템을 획득할 수 있습니다.
최소 20% 에서 900% 까지 코인을 불려주는 스피킹맥스 돈버는영어 꿀단지 시스템


꿀단지는 노랑(20%)부터 무지개(900%)까지
다양한 추가 적립 코인을 제공하여,
학습 동기를 강력하게 부여합니다.
  특히, 학습 시작 전
'효율적인 맥스'와 같은 캐릭터를
5,000 코인으로 구매하면
하루 학습량이 3,000점에서 6,000점으로 늘어나면서
코인 적립도 늘어나는 등,
학습 몰입도에 따라
보상도 커지는 구조를 갖추고 있습니다.

이러한 전략은 실제로 놀라운 결과를 가져왔습니다. 
스피킹맥스는 누적으로 79억 원이 넘는
학습보상 코인을 학습자들에게 지급하였습니다. 
(출처 : 스피킹맥스 공식 사이트 돈버는영어 학습 소개 페이지)
 
꾸준함이 곧 성공: 121일 연속 학습자의 압도적 비율

'돈버는영어' 시스템의 진정한 성공은 
학습 지속률에서 드러납니다. 
돈버는영어 실제 수강생 12,645명의 7일 이상 누적학습자의
1주일 연속학습일 누적 기준으로
평균 121일 연속학습일을 기록한 것으로 알려져 있습니다.

이는 스피킹맥스가 단순히 학습 콘텐츠를 제공하는 것을 넘어,
보상과 게임화 요소를 통해
학습 지속을 강력하게 독려하는 전략(상술)이
성공적으로 작동하고 있음을 보여줍니다.
  학습자들은 코인 적립을 위해 매일 자정 전까지
일일 목표 학습량을 완료하도록 동기 부여를 받으며,
이로 인해 자연스럽게 영어 학습 습관이 형성됩니다.

결론: 현명한 학습 전략, 스피킹맥스 ""돈버는영어""

스피킹맥스의 '돈버는영어'는 학습자가 지불한 비용(월 이용료) 이상의 
가치를 얻을 수 있도록 설계된 전략입니다. 
초반에는 적립 코인이 미비해 보일 수 있으나, 
누적 학습일에 따라 레벨이 높아지고 획득 코인이 증가하는 구조로, 
꾸준히 학습하면 2년 동안 납부한 학습 이용료보다 많은 금액을 모을 수 있도록 지원합니다.

결국, 스피킹맥스의 '상술'은 학습자들의
 성공적인 학습 경험을 위한
현명하고 효과적인 동기 부여 전략입니다.
  학습과 보상을 동시에 잡는
이 혁신적인 Learn to Earn 시스템을 통해,
당신의 영어 학습 목표도 달성하시기를 응원합니다.
  좋아요1
공유하기
게시글 관리
구독하기"
